<?xml version="1.0" encoding="utf-8"?>
<COLLADA xmlns="http://www.collada.org/2005/11/COLLADASchema" version="1.4.1">
  <asset>
    <contributor>
      <author>Mixamo</author>
      <authoring_tool>COLLADA Mixamo exporter</authoring_tool>
      <comments/>
    </contributor>
    <created>2024-11-18T22:14:19Z</created>
    <modified>2024-11-18T22:14:19Z</modified>
    <revision/>
    <title/>
    <unit meter="0.010000"/>
    <up_axis>Y_UP</up_axis>
  </asset>
  <library_animations>
    <animation id="mixamorig_Hips-anim" name="mixamorig_Hips">
      <source id="mixamorig_Hips-Matrix-animation-input">
        <float_array id="mixamorig_Hips-Matrix-animation-input-array" count="79">

0.000000 0.033333 0.066667 0.100000 0.133333 0.166667 0.200000 0.233333 0.266667 0.300000 0.333333 0.366667 0.400000 0.433333 0.466667 0.500000
0.533333 0.566667 0.600000 0.633333 0.666667 0.700000 0.733333 0.766667 0.800000 0.833333 0.866667 0.900000 0.933333 0.966667 1.000000 1.033333
1.066667 1.100000 1.133333 1.166667 1.200000 1.233333 1.266667 1.300000 1.333333 1.366667 1.400000 1.433333 1.466667 1.500000 1.533333 1.566667
1.600000 1.633333 1.666667 1.700000 1.733333 1.766667 1.800000 1.833333 1.866667 1.900000 1.933333 1.966667 2.000000 2.033333 2.066667 2.100000
2.133333 2.166667 2.200000 2.233333 2.266667 2.300000 2.333333 2.366667 2.400000 2.433333 2.466667 2.500000 2.533333 2.566667 2.600000</float_array>
        <technique_common>
          <accessor source="#mixamorig_Hips-Matrix-animation-input-array" count="79">
            <param name="TIME" type="float"/>
          </accessor>
        </technique_common>
      </source>
      <source id="mixamorig_Hips-Matrix-animation-output-transform">
        <float_array id="mixamorig_Hips-Matrix-animation-output-transform-array" count="1264">

0.584284 -0.121557 -0.802394 1.142896 -0.013354 0.987145 -0.159269 87.655243 0.811439 0.103774 0.575150 -0.915814 0.000000 0.000000 0.000000 1.000000
0.574050 -0.116616 -0.810473 1.663109 -0.017822 0.987792 -0.154753 87.437622 0.818626 0.103281 0.564964 -1.144084 0.000000 0.000000 0.000000 1.000000
0.565892 -0.111967 -0.816841 2.425431 -0.019765 0.988609 -0.149205 86.764244 0.824242 0.100579 0.557233 -1.632294 0.000000 0.000000 0.000000 1.000000
0.551919 -0.105726 -0.827168 3.762609 -0.018618 0.990121 -0.138977 85.415314 0.833690 0.092104 0.544498 -2.279356 0.000000 0.000000 0.000000 1.000000
0.557024 -0.094888 -0.825058 4.625250 0.002652 0.993650 -0.112487 83.746765 0.830492 0.060469 0.553738 -2.430743 0.000000 0.000000 0.000000 1.000000
0.613310 -0.046936 -0.788447 4.607593 0.044713 0.998695 -0.024671 82.517097 0.788576 -0.020122 0.614608 -1.938689 0.000000 0.000000 0.000000 1.000000
0.748374 0.054837 -0.661006 4.204336 0.057965 0.987356 0.147538 81.695480 0.660739 -0.148729 0.735734 -1.250767 0.000000 0.000000 0.000000 1.000000
0.859046 0.085258 -0.504749 3.346708 0.061149 0.961881 0.266543 81.110809 0.508234 -0.259838 0.821086 -0.314252 0.000000 0.000000 0.000000 1.000000
0.915232 0.076583 -0.395583 2.537853 0.071145 0.935631 0.345735 81.013649 0.396597 -0.344572 0.850871 0.893804 0.000000 0.000000 0.000000 1.000000
0.954420 0.054906 -0.293373 1.842361 0.074828 0.907524 0.413281 81.380592 0.288935 -0.416396 0.862050 1.602352 0.000000 0.000000 0.000000 1.000000
0.989713 0.027237 -0.140453 0.922146 0.038853 0.893652 0.447076 81.916985 0.137693 -0.447934 0.883400 1.557571 0.000000 0.000000 0.000000 1.000000
0.999731 -0.013394 0.018909 -0.160124 0.003053 0.885047 0.465491 82.128029 -0.022970 -0.465308 0.884850 0.621740 0.000000 0.000000 0.000000 1.000000
0.983066 -0.081476 0.164141 -1.368676 -0.007590 0.876850 0.480705 81.842972 -0.183093 -0.473811 0.861383 -1.289467 0.000000 0.000000 0.000000 1.000000
0.946491 -0.115358 0.301408 -2.654509 -0.050181 0.869970 0.490544 81.483788 -0.318805 -0.479421 0.817630 -3.464745 0.000000 0.000000 0.000000 1.000000
0.897116 -0.134788 0.420731 -3.807943 -0.100675 0.864896 0.491751 80.850563 -0.430171 -0.483515 0.762343 -6.107776 0.000000 0.000000 0.000000 1.000000
0.842920 -0.144890 0.518163 -4.912480 -0.150404 0.861211 0.485483 79.619225 -0.516589 -0.487158 0.704140 -9.389135 0.000000 0.000000 0.000000 1.000000
0.785296 -0.153075 0.599898 -6.006427 -0.195850 0.857774 0.475253 77.725807 -0.587327 -0.490705 0.643628 -13.053048 0.000000 0.000000 0.000000 1.000000
0.717120 -0.151913 0.680192 -7.072240 -0.249536 0.855291 0.454102 75.291542 -0.650746 -0.495378 0.575439 -16.952579 0.000000 0.000000 0.000000 1.000000
0.660789 -0.144715 0.736489 -8.377502 -0.293791 0.853076 0.431217 71.115204 -0.690684 -0.501318 0.521187 -21.987995 0.000000 0.000000 0.000000 1.000000
0.631223 -0.131429 0.764384 -9.966902 -0.324152 0.850634 0.413942 66.487221 -0.704615 -0.509067 0.494337 -27.798290 0.000000 0.000000 0.000000 1.000000
0.621041 -0.115731 0.775187 -12.063720 -0.346480 0.846614 0.403977 61.448387 -0.703036 -0.519472 0.485684 -34.040985 0.000000 0.000000 0.000000 1.000000
0.612919 -0.098324 0.784005 -14.644201 -0.371264 0.840039 0.395598 56.039742 -0.697491 -0.533542 0.478371 -40.621098 0.000000 0.000000 0.000000 1.000000
0.605813 -0.078390 0.791736 -17.545929 -0.400617 0.829714 0.388691 50.274845 -0.687384 -0.552657 0.471247 -47.138992 0.000000 0.000000 0.000000 1.000000
0.608012 -0.049615 0.792376 -20.180389 -0.435307 0.813817 0.384981 44.195110 -0.663950 -0.579000 0.473212 -52.687706 0.000000 0.000000 0.000000 1.000000
0.628129 -0.038539 0.777154 -22.849077 -0.489938 0.756335 0.433495 37.590321 -0.604495 -0.653048 0.456195 -58.398186 0.000000 0.000000 0.000000 1.000000
0.652121 -0.041293 0.756990 -25.287535 -0.572335 0.628000 0.527304 30.238022 -0.497163 -0.777117 0.385898 -63.897064 0.000000 0.000000 0.000000 1.000000
0.677990 -0.046595 0.733593 -26.999126 -0.637973 0.458429 0.618735 22.173441 -0.365130 -0.887509 0.281084 -68.331650 0.000000 0.000000 0.000000 1.000000
0.704810 -0.053756 0.707356 -27.215050 -0.666726 0.290409 0.686396 18.605618 -0.242320 -0.955392 0.168843 -71.892830 0.000000 0.000000 0.000000 1.000000
0.732597 -0.066839 0.677373 -27.410938 -0.661002 0.167595 0.731429 17.304756 -0.162412 -0.983588 0.078599 -75.336227 0.000000 0.000000 0.000000 1.000000
0.761765 -0.087642 0.641898 -27.315535 -0.638151 0.069329 0.766784 16.588310 -0.111705 -0.993737 -0.003116 -78.445778 0.000000 0.000000 0.000000 1.000000
0.791209 -0.113677 0.600887 -27.088842 -0.605959 -0.013220 0.795386 16.439489 -0.082474 -0.993430 -0.079343 -80.764839 0.000000 0.000000 0.000000 1.000000
0.820147 -0.141271 0.554439 -26.788363 -0.567926 -0.083423 0.818841 16.818098 -0.069426 -0.986450 -0.148650 -83.354218 0.000000 0.000000 0.000000 1.000000
0.847613 -0.167641 0.503437 -26.445250 -0.526203 -0.143456 0.838171 17.407028 -0.068291 -0.975355 -0.209808 -86.046104 0.000000 0.000000 0.000000 1.000000
0.872378 -0.190752 0.450078 -26.096247 -0.482999 -0.194547 0.853735 18.216064 -0.075290 -0.962167 -0.261851 -88.667305 0.000000 0.000000 0.000000 1.000000
0.893784 -0.208252 0.397217 -25.662659 -0.440200 -0.237757 0.865849 18.866713 -0.085874 -0.948737 -0.304176 -90.982460 0.000000 0.000000 0.000000 1.000000
0.911896 -0.223563 0.344186 -25.207499 -0.397486 -0.272192 0.876309 19.553753 -0.102226 -0.935912 -0.337074 -93.035599 0.000000 0.000000 0.000000 1.000000
0.926284 -0.241940 0.288900 -24.856138 -0.354168 -0.297119 0.886727 20.298859 -0.128698 -0.923680 -0.360904 -94.785889 0.000000 0.000000 0.000000 1.000000
0.937124 -0.261056 0.231621 -24.680058 -0.309409 -0.314456 0.897432 21.113800 -0.161446 -0.912670 -0.375457 -96.129692 0.000000 0.000000 0.000000 1.000000
0.944150 -0.279862 0.173947 -24.624567 -0.263697 -0.325158 0.908150 21.717121 -0.197596 -0.903299 -0.380797 -97.343399 0.000000 0.000000 0.000000 1.000000
0.947215 -0.298053 0.118102 -24.758915 -0.218274 -0.329726 0.918498 21.969482 -0.234820 -0.895793 -0.377378 -98.212379 0.000000 0.000000 0.000000 1.000000
0.946912 -0.314640 0.066024 -25.047249 -0.173939 -0.328679 0.928286 21.833487 -0.270375 -0.890490 -0.365958 -98.809914 0.000000 0.000000 0.000000 1.000000
0.944279 -0.328560 0.019627 -25.344469 -0.131647 -0.322354 0.937420 21.388218 -0.301672 -0.887770 -0.347646 -99.107750 0.000000 0.000000 0.000000 1.000000
0.941256 -0.337446 -0.012909 -25.623798 -0.094205 -0.299097 0.949561 20.186798 -0.324287 -0.892564 -0.313316 -99.167305 0.000000 0.000000 0.000000 1.000000
0.939166 -0.342408 -0.026889 -25.718491 -0.066770 -0.258812 0.963617 18.746050 -0.336910 -0.903201 -0.265931 -99.078987 0.000000 0.000000 0.000000 1.000000
0.938715 -0.343679 -0.026442 -25.728350 -0.048210 -0.206859 0.977182 17.213078 -0.341307 -0.916021 -0.210751 -98.723038 0.000000 0.000000 0.000000 1.000000
0.940976 -0.337743 -0.022203 -25.670256 -0.029105 -0.146096 0.988842 15.723867 -0.337219 -0.929831 -0.147303 -98.183899 0.000000 0.000000 0.000000 1.000000
0.944423 -0.328327 -0.016334 -25.574652 -0.011277 -0.082016 0.996567 14.409984 -0.328540 -0.940997 -0.081161 -97.363869 0.000000 0.000000 0.000000 1.000000
0.947769 -0.318774 -0.010797 -25.510950 0.004391 -0.020808 0.999774 13.337375 -0.318927 -0.947602 -0.018321 -96.995270 0.000000 0.000000 0.000000 1.000000
0.951157 -0.308642 -0.006410 -25.636322 0.016847 0.031164 0.999372 13.141676 -0.308249 -0.950667 0.034842 -96.749222 0.000000 0.000000 0.000000 1.000000
0.954300 -0.298827 -0.003645 -26.082041 0.022938 0.061082 0.997869 13.109732 -0.297968 -0.952350 0.065145 -96.701752 0.000000 0.000000 0.000000 1.000000
0.957031 -0.289970 -0.002931 -26.588587 0.026016 0.075787 0.996785 13.062710 -0.288815 -0.954030 0.080074 -96.674232 0.000000 0.000000 0.000000 1.000000
0.959342 -0.282222 -0.003627 -26.946510 0.026885 0.078583 0.996545 12.971356 -0.280962 -0.956125 0.082975 -96.752853 0.000000 0.000000 0.000000 1.000000
0.961084 -0.276223 -0.004194 -27.319921 0.025586 0.073887 0.996938 12.916931 -0.275068 -0.958249 0.078079 -96.669777 0.000000 0.000000 0.000000 1.000000
0.962124 -0.272591 -0.003402 -27.636715 0.023241 0.069585 0.997305 12.927733 -0.271620 -0.959610 0.073285 -96.207520 0.000000 0.000000 0.000000 1.000000
0.961421 -0.275079 -0.000739 -27.922367 0.019598 0.065815 0.997639 12.970225 -0.274381 -0.959166 0.068667 -95.404343 0.000000 0.000000 0.000000 1.000000
0.957362 -0.288858 0.004457 -28.106682 0.014417 0.063178 0.997898 13.001562 -0.288532 -0.955285 0.064648 -94.505653 0.000000 0.000000 0.000000 1.000000
0.951077 -0.308544 0.015887 -28.155161 0.003275 0.061488 0.998102 13.045539 -0.308936 -0.949221 0.059491 -93.792419 0.000000 0.000000 0.000000 1.000000
0.944575 -0.326309 0.036064 -28.084021 -0.017425 0.059866 0.998054 13.079535 -0.327833 -0.943365 0.050862 -93.605759 0.000000 0.000000 0.000000 1.000000
0.940971 -0.334070 0.054505 -27.892859 -0.036992 0.058568 0.997598 13.077146 -0.336460 -0.940727 0.042753 -93.715553 0.000000 0.000000 0.000000 1.000000
0.940314 -0.333790 0.066287 -27.685465 -0.049835 0.057623 0.997094 13.052582 -0.336640 -0.940885 0.037549 -93.992218 0.000000 0.000000 0.000000 1.000000
0.939806 -0.332859 0.077260 -27.586933 -0.061761 0.056912 0.996467 13.012970 -0.336081 -0.941257 0.032929 -94.194977 0.000000 0.000000 0.000000 1.000000
0.939705 -0.331498 0.084040 -27.543747 -0.069142 0.056504 0.996005 12.963860 -0.334923 -0.941762 0.030177 -94.376381 0.000000 0.000000 0.000000 1.000000
0.939607 -0.329852 0.091300 -27.497169 -0.076846 0.056624 0.995434 12.914551 -0.333516 -0.942333 0.027857 -94.535889 0.000000 0.000000 0.000000 1.000000
0.939371 -0.328088 0.099701 -27.458574 -0.085594 0.057203 0.994687 12.869834 -0.332048 -0.942914 0.025653 -94.670425 0.000000 0.000000 0.000000 1.000000
0.939144 -0.326337 0.107298 -27.441193 -0.093363 0.058117 0.993935 12.817595 -0.330593 -0.943465 0.024113 -94.784019 0.000000 0.000000 0.000000 1.000000
0.939241 -0.324758 0.111172 -27.457092 -0.096935 0.059749 0.993496 12.765059 -0.329288 -0.943908 0.024639 -94.873802 0.000000 0.000000 0.000000 1.000000
0.939638 -0.323507 0.111457 -27.509636 -0.096445 0.062123 0.993398 12.722898 -0.328296 -0.944184 0.027173 -94.941002 0.000000 0.000000 0.000000 1.000000
0.940424 -0.322743 0.106956 -27.581736 -0.090811 0.064721 0.993763 12.696804 -0.327653 -0.944271 0.031557 -94.983894 0.000000 0.000000 0.000000 1.000000
0.940760 -0.323186 0.102574 -27.665234 -0.085289 0.067240 0.994085 12.689678 -0.328171 -0.943944 0.035692 -94.885689 0.000000 0.000000 0.000000 1.000000
0.940829 -0.324081 0.099056 -27.743683 -0.080776 0.069413 0.994312 12.694810 -0.329113 -0.943479 0.039127 -94.739914 0.000000 0.000000 0.000000 1.000000
0.940699 -0.325231 0.096490 -27.827892 -0.077470 0.070967 0.994466 12.707036 -0.330279 -0.942968 0.041563 -94.586868 0.000000 0.000000 0.000000 1.000000
0.940561 -0.326446 0.093690 -27.913359 -0.074219 0.071626 0.994666 12.725550 -0.331416 -0.942498 0.043140 -94.454239 0.000000 0.000000 0.000000 1.000000
0.940400 -0.327618 0.091185 -27.994249 -0.071696 0.071109 0.994889 12.746033 -0.332427 -0.942131 0.043382 -94.336174 0.000000 0.000000 0.000000 1.000000
0.940070 -0.328968 0.089714 -28.062876 -0.070617 0.069573 0.995074 12.761452 -0.333589 -0.941775 0.042172 -94.255203 0.000000 0.000000 0.000000 1.000000
0.939424 -0.330247 0.091762 -28.087414 -0.073492 0.067419 0.995014 12.769482 -0.334787 -0.941484 0.039064 -94.196167 0.000000 0.000000 0.000000 1.000000
0.938694 -0.331172 0.095811 -28.051310 -0.078586 0.065053 0.994783 12.781120 -0.335676 -0.941325 0.035039 -94.192741 0.000000 0.000000 0.000000 1.000000
0.937781 -0.331893 0.102051 -27.956610 -0.085954 0.062868 0.994314 12.794722 -0.336421 -0.941220 0.030429 -94.223740 0.000000 0.000000 0.000000 1.000000
0.936895 -0.332368 0.108435 -27.860493 -0.093283 0.061260 0.993753 12.806108 -0.336935 -0.941158 0.026390 -94.290382 0.000000 0.000000 0.000000 1.000000
0.936162 -0.332541 0.114095 -27.818869 -0.099508 0.060631 0.993188 12.811033 -0.337194 -0.941138 0.023670 -94.337860 0.000000 0.000000 0.000000 1.000000</float_array>
        <technique_common>
          <accessor source="#mixamorig_Hips-Matrix-animation-output-transform-array" count="79" stride="16">
            <param type="float4x4"/>
          </accessor>
        </technique_common>
      </source>
      <source id="mixamorig_Hips-Interpolations">
        <Name_array id="mixamorig_Hips-Interpolations-array" count="79">
 LINEAR LINEAR LINEAR LINEAR LINEAR LINEAR LINEAR LINEAR LINEAR LINEAR LINEAR
LINEAR LINEAR LINEAR LINEAR LINEAR LINEAR LINEAR LINEAR LINEAR LINEAR LINEAR LINEAR
LINEAR LINEAR LINEAR LINEAR LINEAR LINEAR LINEAR LINEAR LINEAR LINEAR LINEAR LINEAR
LINEAR LINEAR LINEAR LINEAR LINEAR LINEAR LINEAR LINEAR LINEAR LINEAR LINEAR LINEAR
LINEAR LINEAR LINEAR LINEAR LINEAR LINEAR LINEAR LINEAR LINEAR LINEAR LINEAR LINEAR
LINEAR LINEAR LINEAR LINEAR LINEAR LINEAR LINEAR LINEAR LINEAR LINEAR LINEAR LINEAR
LINEAR LINEAR LINEAR LINEAR LINEAR LINEAR LINEAR LINEAR</Name_array>
        <technique_common>
          <accessor source="#mixamorig_Hips-Interpolations-array" count="79">
            <param type="name"/>
          </accessor>
        </technique_common>
      </source>
      <sampler id="mixamorig_Hips-Matrix-animation-transform">
        <input semantic="INPUT" source="#mixamorig_Hips-Matrix-animation-input"/>
        <input semantic="OUTPUT" source="#mixamorig_Hips-Matrix-animation-output-transform"/>
        <input semantic="INTERPOLATION" source="#mixamorig_Hips-Interpolations"/>
      </sampler>
      <channel source="#mixamorig_Hips-Matrix-animation-transform" target="mixamorig_Hips/matrix"/>
    </animation>
    <animation id="mixamorig_Spine-anim" name="mixamorig_Spine">
      <source id="mixamorig_Spine-Matrix-animation-input">
        <float_array id="mixamorig_Spine-Matrix-animation-input-array" count="79">

0.000000 0.033333 0.066667 0.100000 0.133333 0.166667 0.200000 0.233333 0.266667 0.300000 0.333333 0.366667 0.400000 0.433333 0.466667 0.500000
0.533333 0.566667 0.600000 0.633333 0.666667 0.700000 0.733333 0.766667 0.800000 0.833333 0.866667 0.900000 0.933333 0.966667 1.000000 1.033333
1.066667 1.100000 1.133333 1.166667 1.200000 1.233333 1.266667 1.300000 1.333333 1.366667 1.400000 1.433333 1.466667 1.500000 1.533333 1.566667
1.600000 1.633333 1.666667 1.700000 1.733333 1.766667 1.800000 1.833333 1.866667 1.900000 1.933333 1.966667 2.000000 2.033333 2.066667 2.100000
2.133333 2.166667 2.200000 2.233333 2.266667 2.300000 2.333333 2.366667 2.400000 2.433333 2.466667 2.500000 2.533333 2.566667 2.600000</float_array>
        <technique_common>
          <accessor source="#mixamorig_Spine-Matrix-animation-input-array" count="79">
            <param name="TIME" type="float"/>
          </accessor>
        </technique_common>
      </source>
      <source id="mixamorig_Spine-Matrix-animation-output-transform">
        <float_array id="mixamorig_Spine-Matrix-animation-output-transform-array" count="1264">

0.996595 0.055382 0.061086 0.000000 -0.047120 0.990491 -0.129256 11.384800 -0.067664 0.125938 0.989728 -0.357600 0.000000 0.000000 0.000000 1.000000
0.997011 0.052434 0.056739 -0.000000 -0.044883 0.990883 -0.127026 11.384800 -0.062883 0.124100 0.990275 -0.357600 0.000000 0.000000 0.000000 1.000000
0.997984 0.044324 0.045421 -0.000000 -0.038543 0.991893 -0.121091 11.384800 -0.050420 0.119096 0.991602 -0.357600 0.000000 0.000000 0.000000 1.000000
0.999037 0.032247 0.029761 -0.000000 -0.028704 0.993221 -0.112644 11.384800 -0.033191 0.111681 0.993190 -0.357600 0.000000 0.000000 0.000000 1.000000
0.999771 0.017505 0.012322 0.000000 -0.016146 0.994566 -0.102850 11.384800 -0.014055 0.102628 0.994621 -0.357600 0.000000 0.000000 0.000000 1.000000
0.999990 0.001239 -0.004301 -0.000000 -0.001633 0.995690 -0.092727 11.384800 0.004168 0.092733 0.995682 -0.357600 0.000000 0.000000 0.000000 1.000000
0.999727 -0.015525 -0.017470 -0.000000 0.014022 0.996444 -0.083084 11.384800 0.018697 0.082817 0.996389 -0.357600 0.000000 0.000000 0.000000 1.000000
0.999135 -0.035602 -0.021490 -0.000000 0.034039 0.997024 -0.069168 11.384800 0.023888 0.068377 0.997374 -0.357600 0.000000 0.000000 0.000000 1.000000
0.998625 -0.049469 -0.017344 0.000000 0.048585 0.997657 -0.048162 11.384800 0.019686 0.047253 0.998689 -0.357600 0.000000 0.000000 0.000000 1.000000
0.998103 -0.060506 -0.011392 0.000000 0.060194 0.997850 -0.025931 11.384800 0.012936 0.025196 0.999599 -0.357600 0.000000 0.000000 0.000000 1.000000
0.997913 -0.064405 -0.004566 0.000000 0.064389 0.997918 -0.003648 11.384800 0.004792 0.003346 0.999983 -0.357600 0.000000 0.000000 0.000000 1.000000
0.998647 -0.051964 0.001865 -0.000000 0.051927 0.998519 0.016254 11.384800 -0.002707 -0.016135 0.999866 -0.357600 0.000000 0.000000 0.000000 1.000000
0.999607 -0.027139 0.007087 0.000000 0.026855 0.998937 0.037460 11.384800 -0.008096 -0.037255 0.999273 -0.357600 0.000000 0.000000 0.000000 1.000000
0.999916 -0.004627 0.012084 0.000000 0.004014 0.998727 0.050283 11.384800 -0.012301 -0.050230 0.998662 -0.357600 0.000000 0.000000 0.000000 1.000000
0.999766 0.014772 0.015817 0.000000 -0.015630 0.998332 0.055575 11.384800 -0.014969 -0.055809 0.998329 -0.357600 0.000000 0.000000 0.000000 1.000000
0.999509 0.026719 0.016355 0.000000 -0.027602 0.998029 0.056354 11.384800 -0.014817 -0.056778 0.998277 -0.357600 0.000000 0.000000 0.000000 1.000000
0.999407 0.031160 0.014655 -0.000000 -0.031867 0.998200 0.050801 11.384800 -0.013045 -0.051238 0.998601 -0.357600 0.000000 0.000000 0.000000 1.000000
0.999472 0.029633 0.013348 0.000000 -0.030171 0.998660 0.042053 11.384800 -0.012084 -0.042434 0.999026 -0.357600 0.000000 0.000000 0.000000 1.000000
0.999653 0.023297 0.012261 0.000000 -0.023729 0.999058 0.036325 11.384800 -0.011403 -0.036603 0.999265 -0.357600 0.000000 0.000000 0.000000 1.000000
0.999869 0.011205 0.011678 -0.000000 -0.011519 0.999563 0.027229 11.384800 -0.011368 -0.027360 0.999561 -0.357600 0.000000 0.000000 0.000000 1.000000
0.999920 -0.005911 0.011213 -0.000000 0.005756 0.999888 0.013793 11.384800 -0.011293 -0.013728 0.999842 -0.357600 0.000000 0.000000 0.000000 1.000000
0.999682 -0.022628 0.011140 -0.000000 0.022657 0.999740 -0.002465 11.384800 -0.011081 0.002716 0.999935 -0.357600 0.000000 0.000000 0.000000 1.000000
0.999244 -0.036690 0.012859 0.000000 0.036895 0.999189 -0.016129 11.384800 -0.012256 0.016591 0.999787 -0.357600 0.000000 0.000000 0.000000 1.000000
0.998549 -0.051073 0.017099 -0.000000 0.051561 0.998236 -0.029437 11.384800 -0.015565 0.030276 0.999420 -0.357600 0.000000 0.000000 0.000000 1.000000
0.997717 -0.063314 0.023481 0.000000 0.064378 0.996783 -0.047748 11.384800 -0.020382 0.049151 0.998583 -0.357600 0.000000 0.000000 0.000000 1.000000
0.997160 -0.073339 0.017149 -0.000000 0.074363 0.994795 -0.069663 11.384800 -0.011951 0.070740 0.997423 -0.357600 0.000000 0.000000 0.000000 1.000000
0.996745 -0.080352 0.006506 0.000000 0.080609 0.992421 -0.092753 11.384800 0.000996 0.092975 0.995668 -0.357600 0.000000 0.000000 0.000000 1.000000
0.996725 -0.080827 -0.002498 0.000000 0.079868 0.988799 -0.126087 11.384800 0.012661 0.125474 0.992016 -0.357600 0.000000 0.000000 0.000000 1.000000
0.996911 -0.077970 -0.009395 -0.000000 0.076452 0.990873 -0.111022 11.384800 0.017966 0.109961 0.993774 -0.357600 0.000000 0.000000 0.000000 1.000000
0.997265 -0.072506 -0.014347 0.000000 0.071096 0.994095 -0.081974 11.384800 0.020205 0.080730 0.996531 -0.357600 0.000000 0.000000 0.000000 1.000000
0.997800 -0.063950 -0.017481 0.000000 0.062641 0.995766 -0.067282 11.384800 0.021709 0.066039 0.997581 -0.357600 0.000000 0.000000 0.000000 1.000000
0.998473 -0.054060 -0.011364 0.000000 0.053163 0.996248 -0.068288 11.384800 0.015013 0.067579 0.997601 -0.357600 0.000000 0.000000 0.000000 1.000000
0.999032 -0.043946 0.002077 0.000000 0.043966 0.995564 -0.083177 11.384800 0.001588 0.083188 0.996533 -0.357600 0.000000 0.000000 0.000000 1.000000
0.999063 -0.040373 0.015607 -0.000000 0.041708 0.994342 -0.097692 11.384800 -0.011575 0.098252 0.995094 -0.357600 0.000000 0.000000 0.000000 1.000000
0.998470 -0.050628 0.022249 0.000000 0.052708 0.992987 -0.105827 11.384800 -0.016736 0.106838 0.994136 -0.357600 0.000000 0.000000 0.000000 1.000000
0.998656 -0.050725 0.010682 0.000000 0.051615 0.992104 -0.114302 11.384800 -0.004800 0.114700 0.993389 -0.357600 0.000000 0.000000 0.000000 1.000000
0.999082 -0.042159 -0.007579 -0.000000 0.041034 0.992748 -0.112994 11.384800 0.012288 0.112580 0.993567 -0.357600 0.000000 0.000000 0.000000 1.000000
0.999385 -0.030826 -0.016686 0.000000 0.028783 0.993377 -0.111236 11.384800 0.020005 0.110687 0.993654 -0.357600 0.000000 0.000000 0.000000 1.000000
0.999571 -0.019383 -0.021953 0.000000 0.016835 0.993694 -0.110852 11.384800 0.023963 0.110434 0.993594 -0.357600 0.000000 0.000000 0.000000 1.000000
0.999603 -0.009139 -0.026659 0.000000 0.006264 0.994348 -0.105987 11.384800 0.027477 0.105778 0.994010 -0.357600 0.000000 0.000000 0.000000 1.000000
0.999591 -0.005613 -0.028031 0.000000 0.002798 0.995037 -0.099469 11.384800 0.028450 0.099350 0.994646 -0.357600 0.000000 0.000000 0.000000 1.000000
0.999601 -0.003252 -0.028059 0.000000 0.000647 0.995725 -0.092369 11.384800 0.028239 0.092314 0.995329 -0.357600 0.000000 0.000000 0.000000 1.000000
0.999623 -0.001451 -0.027425 0.000000 -0.000855 0.996473 -0.083913 11.384800 0.027450 0.083905 0.996096 -0.357600 0.000000 0.000000 0.000000 1.000000
0.999649 0.000202 -0.026483 0.000000 -0.002253 0.996996 -0.077418 11.384800 0.026388 0.077451 0.996647 -0.357600 0.000000 0.000000 0.000000 1.000000
0.999668 0.001728 -0.025703 0.000000 -0.003375 0.997933 -0.064172 11.384800 0.025539 0.064237 0.997608 -0.357600 0.000000 0.000000 0.000000 1.000000
0.999701 0.003946 -0.024124 -0.000000 -0.005100 0.998836 -0.047974 11.384800 0.023906 0.048083 0.998557 -0.357600 0.000000 0.000000 0.000000 1.000000
0.999824 0.005985 -0.017760 -0.000000 -0.006533 0.999498 -0.030997 11.384800 0.017566 0.031108 0.999362 -0.357600 0.000000 0.000000 0.000000 1.000000
0.999939 0.005840 -0.009372 0.000000 -0.005983 0.999864 -0.015350 11.384800 0.009282 0.015406 0.999838 -0.357600 0.000000 0.000000 0.000000 1.000000
0.999995 0.002541 -0.001878 0.000000 -0.002546 0.999993 -0.002577 11.384800 0.001872 0.002582 0.999995 -0.357600 0.000000 0.000000 0.000000 1.000000
0.999990 -0.002859 0.003581 0.000000 0.002829 0.999962 0.008211 11.384800 -0.003604 -0.008201 0.999960 -0.357600 0.000000 0.000000 0.000000 1.000000
0.999921 -0.009602 0.008144 0.000000 0.009477 0.999840 0.015187 11.384800 -0.008288 -0.015109 0.999852 -0.357600 0.000000 0.000000 0.000000 1.000000
0.999752 -0.018560 0.012270 -0.000000 0.018330 0.999660 0.018571 11.384800 -0.012611 -0.018342 0.999752 -0.357600 0.000000 0.000000 0.000000 1.000000
0.999528 -0.026872 0.014910 0.000000 0.026565 0.999439 0.020413 11.384800 -0.015450 -0.020007 0.999680 -0.357600 0.000000 0.000000 0.000000 1.000000
0.999422 -0.030116 0.015752 -0.000000 0.029781 0.999334 0.021098 11.384800 -0.016377 -0.020616 0.999653 -0.357600 0.000000 0.000000 0.000000 1.000000
0.999578 -0.024455 0.015681 -0.000000 0.024124 0.999489 0.020972 11.384800 -0.016185 -0.020584 0.999657 -0.357600 0.000000 0.000000 0.000000 1.000000
0.999775 -0.014921 0.015087 -0.000000 0.014617 0.999693 0.020014 11.384800 -0.015381 -0.019789 0.999686 -0.357600 0.000000 0.000000 0.000000 1.000000
0.999906 -0.002729 0.013472 0.000000 0.002482 0.999828 0.018355 11.384800 -0.013519 -0.018319 0.999741 -0.357600 0.000000 0.000000 0.000000 1.000000
0.999935 0.006708 0.009254 0.000000 -0.006858 0.999844 0.016273 11.384800 -0.009143 -0.016336 0.999825 -0.357600 0.000000 0.000000 0.000000 1.000000
0.999958 0.007463 0.005304 -0.000000 -0.007537 0.999874 0.013982 11.384800 -0.005199 -0.014022 0.999888 -0.357600 0.000000 0.000000 0.000000 1.000000
0.999980 0.006150 0.001500 0.000000 -0.006167 0.999914 0.011534 11.384800 -0.001429 -0.011544 0.999932 -0.357600 0.000000 0.000000 0.000000 1.000000
0.999986 0.004709 -0.002344 -0.000000 -0.004687 0.999948 0.009076 11.384800 0.002387 -0.009065 0.999956 -0.357600 0.000000 0.000000 0.000000 1.000000
0.999978 0.003284 -0.005793 0.000000 -0.003251 0.999978 0.005727 11.384800 0.005811 -0.005708 0.999967 -0.357600 0.000000 0.000000 0.000000 1.000000
0.999962 0.001936 -0.008441 -0.000000 -0.001922 0.999997 0.001703 11.384800 0.008445 -0.001686 0.999963 -0.357600 0.000000 0.000000 0.000000 1.000000
0.999959 0.000837 -0.009014 0.000000 -0.000848 0.999999 -0.001186 11.384800 0.009013 0.001194 0.999959 -0.357600 0.000000 0.000000 0.000000 1.000000
0.999958 -0.000194 -0.009197 0.000000 0.000180 0.999999 -0.001611 11.384800 0.009197 0.001609 0.999956 -0.357600 0.000000 0.000000 0.000000 1.000000
0.999958 -0.001144 -0.009121 0.000000 0.001131 0.999998 -0.001411 11.384800 0.009123 0.001400 0.999957 -0.357600 0.000000 0.000000 0.000000 1.000000
0.999960 -0.001918 -0.008747 0.000000 0.001909 0.999998 -0.001048 11.384800 0.008749 0.001031 0.999961 -0.357600 0.000000 0.000000 0.000000 1.000000
0.999970 -0.002214 -0.007413 0.000000 0.002210 0.999997 -0.000568 11.384800 0.007415 0.000552 0.999972 -0.357600 0.000000 0.000000 0.000000 1.000000
0.999979 -0.001517 -0.006289 0.000000 0.001517 0.999999 -0.000020 11.384800 0.006289 0.000010 0.999980 -0.357600 0.000000 0.000000 0.000000 1.000000
0.999986 -0.000732 -0.005274 -0.000000 0.000734 1.000000 0.000542 11.384800 0.005273 -0.000546 0.999986 -0.357600 0.000000 0.000000 0.000000 1.000000
0.999992 0.000174 -0.004016 0.000000 -0.000169 0.999999 0.001066 11.384800 0.004016 -0.001065 0.999991 -0.357600 0.000000 0.000000 0.000000 1.000000
0.999995 0.000593 -0.003203 0.000000 -0.000589 0.999999 0.001503 11.384800 0.003204 -0.001501 0.999994 -0.357600 0.000000 0.000000 0.000000 1.000000
0.999996 0.000996 -0.002666 -0.000000 -0.000991 0.999998 0.001928 11.384800 0.002668 -0.001925 0.999995 -0.357600 0.000000 0.000000 0.000000 1.000000
0.999997 0.001191 -0.002243 -0.000000 -0.001186 0.999998 0.001870 11.384800 0.002245 -0.001867 0.999996 -0.357600 0.000000 0.000000 0.000000 1.000000
0.999995 0.001907 -0.002647 -0.000000 -0.001903 0.999997 0.001361 11.384800 0.002649 -0.001356 0.999996 -0.357600 0.000000 0.000000 0.000000 1.000000
0.999991 0.002440 -0.003552 -0.000000 -0.002437 0.999997 0.000950 11.384800 0.003554 -0.000941 0.999993 -0.357600 0.000000 0.000000 0.000000 1.000000
0.999986 0.002560 -0.004600 0.000000 -0.002558 0.999997 0.000533 11.384800 0.004601 -0.000521 0.999989 -0.357600 0.000000 0.000000 0.000000 1.000000
0.999980 0.002645 -0.005823 -0.000000 -0.002644 0.999996 0.000211 11.384800 0.005823 -0.000196 0.999983 -0.357600 0.000000 0.000000 0.000000 1.000000
0.999975 0.002076 -0.006735 0.000000 -0.002075 0.999998 0.000114 11.384800 0.006735 -0.000100 0.999977 -0.357600 0.000000 0.000000 0.000000 1.000000</float_array>
        <technique_common>
          <accessor source="#mixamorig_Spine-Matrix-animation-output-transform-array" count="79" stride="16">
            <param type="float4x4"/>
          </accessor>
        </technique_common>
      </source>
      <source id="mixamorig_Spine-Interpolations">
        <Name_array id="mixamorig_Spine-Interpolations-array" count="79">
 LINEAR LINEAR LINEAR LINEAR LINEAR LINEAR LINEAR LINEAR LINEAR LINEAR LINEAR
LINEAR LINEAR LINEAR LINEAR LINEAR LINEAR LINEAR LINEAR LINEAR LINEAR LINEAR LINEAR
LINEAR LINEAR LINEAR LINEAR LINEAR LINEAR LINEAR LINEAR LINEAR LINEAR LINEAR LINEAR
LINEAR LINEAR LINEAR LINEAR LINEAR LINEAR LINEAR LINEAR LINEAR LINEAR LINEAR LINEAR
LINEAR LINEAR LINEAR LINEAR LINEAR LINEAR LINEAR LINEAR LINEAR LINEAR LINEAR LINEAR
LINEAR LINEAR LINEAR LINEAR LINEAR LINEAR LINEAR LINEAR LINEAR LINEAR LINEAR LINEAR
LINEAR LINEAR LINEAR LINEAR LINEAR LINEAR LINEAR LINEAR</Name_array>
        <technique_common>
          <accessor source="#mixamorig_Spine-Interpolations-array" count="79">
            <param type="name"/>
          </accessor>
        </technique_common>
      </source>
      <sampler id="mixamorig_Spine-Matrix-animation-transform">
        <input semantic="INPUT" source="#mixamorig_Spine-Matrix-animation-input"/>
        <input semantic="OUTPUT" source="#mixamorig_Spine-Matrix-animation-output-transform"/>
        <input semantic="INTERPOLATION" source="#mixamorig_Spine-Interpolations"/>
      </sampler>
      <channel source="#mixamorig_Spine-Matrix-animation-transform" target="mixamorig_Spine/matrix"/>
    </animation>
    <animation id="mixamorig_Spine1-anim" name="mixamorig_Spine1">
      <source id="mixamorig_Spine1-Matrix-animation-input">
        <float_array id="mixamorig_Spine1-Matrix-animation-input-array" count="79">

0.000000 0.033333 0.066667 0.100000 0.133333 0.166667 0.200000 0.233333 0.266667 0.300000 0.333333 0.366667 0.400000 0.433333 0.466667 0.500000
0.533333 0.566667 0.600000 0.633333 0.666667 0.700000 0.733333 0.766667 0.800000 0.833333 0.866667 0.900000 0.933333 0.966667 1.000000 1.033333
1.066667 1.100000 1.133333 1.166667 1.200000 1.233333 1.266667 1.300000 1.333333 1.366667 1.400000 1.433333 1.466667 1.500000 1.533333 1.566667
1.600000 1.633333 1.666667 1.700000 1.733333 1.766667 1.800000 1.833333 1.866667 1.900000 1.933333 1.966667 2.000000 2.033333 2.066667 2.100000
2.133333 2.166667 2.200000 2.233333 2.266667 2.300000 2.333333 2.366667 2.400000 2.433333 2.466667 2.500000 2.533333 2.566667 2.600000</float_array>
        <technique_common>
          <accessor source="#mixamorig_Spine1-Matrix-animation-input-array" count="79">
            <param name="TIME" type="float"/>
          </accessor>
        </technique_common>
      </source>
      <source id="mixamorig_Spine1-Matrix-animation-output-transform">
        <float_array id="mixamorig_Spine1-Matrix-animation-output-transform-array" count="1264">

0.998870 -0.042510 0.021269 -0.000000 0.041071 0.997101 0.064055 11.001200 -0.023930 -0.063109 0.997720 0.000000 0.000000 0.000000 0.000000 1.000000
0.999065 -0.038829 0.019003 0.000000 0.037768 0.997864 0.053293 11.001200 -0.021031 -0.052525 0.998398 0.000000 0.000000 0.000000 0.000000 1.000000
0.999454 -0.030449 0.012791 0.000000 0.030103 0.999197 0.026441 11.001200 -0.013586 -0.026042 0.999569 -0.000000 0.000000 0.000000 0.000000 1.000000
0.999765 -0.021374 0.003519 0.000000 0.021402 0.999736 -0.008327 11.001200 -0.003340 0.008401 0.999959 -0.000000 0.000000 0.000000 0.000000 1.000000
0.999847 -0.015605 -0.007923 -0.000000 0.015251 0.998963 -0.042908 11.001200 0.008585 0.042781 0.999048 0.000000 0.000000 0.000000 0.000000 1.000000
0.999640 -0.017146 -0.020639 -0.000000 0.015675 0.997464 -0.069423 11.001200 0.021777 0.069074 0.997374 -0.000000 0.000000 0.000000 0.000000 1.000000
0.998981 -0.029995 -0.033726 0.000000 0.027206 0.996398 -0.080314 11.001200 0.036014 0.079315 0.996199 0.000000 0.000000 0.000000 0.000000 1.000000
0.996665 -0.069023 -0.043526 0.000000 0.066685 0.996364 -0.053036 11.001200 0.047029 0.049956 0.997644 0.000000 0.000000 0.000000 0.000000 1.000000
0.994789 -0.095255 -0.036349 0.000000 0.094900 0.995422 -0.011395 11.001200 0.037268 0.007886 0.999274 0.000000 0.000000 0.000000 0.000000 1.000000
0.992881 -0.116370 -0.025389 0.000000 0.117172 0.992570 0.032787 11.001200 0.021385 -0.035529 0.999140 0.000000 0.000000 0.000000 0.000000 1.000000
0.992150 -0.124468 -0.012107 0.000000 0.125035 0.989101 0.077755 11.001200 0.002297 -0.078658 0.996899 0.000000 0.000000 0.000000 0.000000 1.000000
0.994814 -0.101693 0.001911 -0.000000 0.100754 0.987850 0.118328 11.001200 -0.013921 -0.117522 0.992973 0.000000 0.000000 0.000000 0.000000 1.000000
0.998408 -0.054177 0.015668 -0.000000 0.050967 0.985700 0.160618 11.001200 -0.024146 -0.159564 0.986892 0.000000 0.000000 0.000000 0.000000 1.000000
0.999525 -0.011886 0.028433 -0.000000 0.006400 0.982570 0.185780 11.001200 -0.030146 -0.185510 0.982180 0.000000 0.000000 0.000000 0.000000 1.000000
0.998938 0.024706 0.038888 0.000000 -0.031864 0.980123 0.195817 11.001200 -0.033277 -0.196849 0.979869 0.000000 0.000000 0.000000 0.000000 1.000000
0.997919 0.048069 0.042968 -0.000000 -0.055632 0.978820 0.197018 11.001200 -0.032588 -0.198999 0.979458 0.000000 0.000000 0.000000 0.000000 1.000000
0.997502 0.057646 0.040833 -0.000000 -0.064275 0.980446 0.185998 11.001200 -0.029313 -0.188158 0.981701 0.000000 0.000000 0.000000 0.000000 1.000000
0.997756 0.055173 0.037941 0.000000 -0.060818 0.983779 0.168759 11.001200 -0.028015 -0.170688 0.984927 0.000000 0.000000 0.000000 0.000000 1.000000
0.998448 0.043557 0.034706 0.000000 -0.048508 0.986295 0.157698 11.001200 -0.027362 -0.159137 0.986877 -0.000000 0.000000 0.000000 0.000000 1.000000
0.999292 0.021059 0.031176 -0.000000 -0.025227 0.989832 0.139986 11.001200 -0.027911 -0.140673 0.989663 0.000000 0.000000 0.000000 0.000000 1.000000
0.999590 -0.010784 0.026537 0.000000 0.007703 0.993501 0.113565 11.001200 -0.027589 -0.113314 0.993176 0.000000 0.000000 0.000000 0.000000 1.000000
0.998876 -0.041697 0.022524 0.000000 0.039739 0.995895 0.081322 11.001200 -0.025822 -0.080336 0.996433 0.000000 0.000000 0.000000 0.000000 1.000000
0.997536 -0.066672 0.021831 0.000000 0.065413 0.996393 0.054055 11.001200 -0.025357 -0.052494 0.998299 0.000000 0.000000 0.000000 0.000000 1.000000
0.995800 -0.088388 0.023890 -0.000000 0.087726 0.995766 0.027456 11.001200 -0.026215 -0.025245 0.999338 0.000000 0.000000 0.000000 0.000000 1.000000
0.993389 -0.110286 0.031851 0.000000 0.110621 0.993823 -0.008931 11.001200 -0.030669 0.012396 0.999453 0.000000 0.000000 0.000000 0.000000 1.000000
0.991238 -0.130781 0.018549 0.000000 0.131596 0.989880 -0.053104 11.001200 -0.011416 0.055080 0.998417 0.000000 0.000000 0.000000 0.000000 1.000000
0.989230 -0.146369 -0.000711 -0.000000 0.145370 0.983024 -0.111946 11.001200 0.017084 0.110637 0.993714 0.000000 0.000000 0.000000 0.000000 1.000000
0.988974 -0.147088 -0.017203 -0.000000 0.142124 0.975345 -0.168829 11.001200 0.041612 0.164522 0.985495 -0.000000 0.000000 0.000000 0.000000 1.000000
0.989536 -0.140779 -0.031616 -0.000000 0.135155 0.981102 -0.138466 11.001200 0.050511 0.132744 0.989862 0.000000 0.000000 0.000000 0.000000 1.000000
0.990520 -0.130646 -0.042452 0.000000 0.126969 0.988667 -0.080097 11.001200 0.052436 0.073948 0.995883 0.000000 0.000000 0.000000 0.000000 1.000000
0.992126 -0.115558 -0.048291 0.000000 0.113158 0.992329 -0.049792 11.001200 0.053675 0.043936 0.997591 -0.000000 0.000000 0.000000 0.000000 1.000000
0.994579 -0.097866 -0.035147 -0.000000 0.095989 0.994042 -0.051641 11.001200 0.039991 0.047988 0.998047 0.000000 0.000000 0.000000 0.000000 1.000000
0.996832 -0.079220 -0.007040 0.000000 0.078400 0.993668 -0.080487 11.001200 0.013372 0.079680 0.996731 0.000000 0.000000 0.000000 0.000000 1.000000
0.997160 -0.072551 0.020219 -0.000000 0.074331 0.991270 -0.108897 11.001200 -0.012142 0.110090 0.993847 0.000000 0.000000 0.000000 0.000000 1.000000
0.995247 -0.092279 0.031115 0.000000 0.095476 0.987532 -0.125156 11.001200 -0.019177 0.127531 0.991649 0.000000 0.000000 0.000000 0.000000 1.000000
0.995704 -0.092244 0.008086 0.000000 0.092454 0.985495 -0.142306 11.001200 0.005158 0.142442 0.989790 0.000000 0.000000 0.000000 0.000000 1.000000
0.996787 -0.075993 -0.025294 -0.000000 0.071572 0.986905 -0.144552 11.001200 0.035947 0.142277 0.989174 0.000000 0.000000 0.000000 0.000000 1.000000
0.997651 -0.054552 -0.041421 0.000000 0.048242 0.988909 -0.140473 11.001200 0.048624 0.138145 0.989218 0.000000 0.000000 0.000000 0.000000 1.000000
0.998197 -0.032098 -0.050722 0.000000 0.024952 0.990433 -0.135723 11.001200 0.054593 0.134213 0.989448 0.000000 0.000000 0.000000 0.000000 1.000000
0.998186 -0.012085 -0.058983 -0.000000 0.004580 0.992051 -0.125754 11.001200 0.060034 0.125256 0.990306 -0.000000 0.000000 0.000000 0.000000 1.000000
0.998128 -0.005673 -0.060895 -0.000000 -0.001227 0.993631 -0.112679 11.001200 0.061147 0.112542 0.991764 0.000000 0.000000 0.000000 0.000000 1.000000
0.998188 -0.001549 -0.060160 -0.000000 -0.004391 0.995130 -0.098471 11.001200 0.060020 0.098557 0.993320 0.000000 0.000000 0.000000 0.000000 1.000000
0.998297 0.001221 -0.058315 -0.000000 -0.005984 0.996651 -0.081560 11.001200 0.058020 0.081770 0.994961 0.000000 0.000000 0.000000 0.000000 1.000000
0.998425 0.003626 -0.055989 -0.000000 -0.007463 0.997625 -0.068471 11.001200 0.055608 0.068781 0.996081 0.000000 0.000000 0.000000 0.000000 1.000000
0.998516 0.006579 -0.054061 -0.000000 -0.008850 0.999083 -0.041885 11.001200 0.053736 0.042302 0.997659 0.000000 0.000000 0.000000 0.000000 1.000000
0.998666 0.011420 -0.050361 -0.000000 -0.011907 0.999885 -0.009378 11.001200 0.050248 0.009966 0.998687 0.000000 0.000000 0.000000 0.000000 1.000000
0.999160 0.015215 -0.038050 -0.000000 -0.014286 0.999596 0.024556 11.001200 0.038408 -0.023992 0.998974 0.000000 0.000000 0.000000 0.000000 1.000000
0.999632 0.014212 -0.023123 0.000000 -0.012906 0.998365 0.055682 11.001200 0.023877 -0.055363 0.998181 0.000000 0.000000 0.000000 0.000000 1.000000
0.999914 0.006923 -0.011154 -0.000000 -0.006000 0.996721 0.080693 11.001200 0.011676 -0.080620 0.996677 -0.000000 0.000000 0.000000 0.000000 1.000000
0.999988 -0.002712 -0.004073 -0.000000 0.003109 0.994892 0.100899 11.001200 0.003779 -0.100910 0.994888 0.000000 0.000000 0.000000 0.000000 1.000000
0.999910 -0.013373 0.000600 0.000000 0.013213 0.993134 0.116235 11.001200 -0.002150 -0.116217 0.993222 0.000000 0.000000 0.000000 0.000000 1.000000
0.999625 -0.027122 0.003841 -0.000000 0.026446 0.992087 0.122733 11.001200 -0.007139 -0.122585 0.992432 0.000000 0.000000 0.000000 0.000000 1.000000
0.999211 -0.039193 0.006392 0.000000 0.038036 0.990850 0.129495 11.001200 -0.011409 -0.129150 0.991559 0.000000 0.000000 0.000000 0.000000 1.000000
0.999032 -0.043254 0.008042 0.000000 0.041774 0.989963 0.135012 11.001200 -0.013801 -0.134546 0.990811 0.000000 0.000000 0.000000 0.000000 1.000000
0.999311 -0.036099 0.008642 -0.000000 0.034599 0.990196 0.135336 11.001200 -0.013442 -0.134943 0.990762 0.000000 0.000000 0.000000 0.000000 1.000000
0.999789 -0.018822 0.008205 0.000000 0.017587 0.991239 0.130908 11.001200 -0.010597 -0.130736 0.991361 0.000000 0.000000 0.000000 0.000000 1.000000
