<?xml version="1.0" encoding="utf-8"?>
<COLLADA xmlns="http://www.collada.org/2005/11/COLLADASchema" version="1.4.1">
  <asset>
    <contributor>
      <author>Mixamo</author>
      <authoring_tool>COLLADA Mixamo exporter</authoring_tool>
      <comments/>
    </contributor>
    <created>2024-11-18T22:13:48Z</created>
    <modified>2024-11-18T22:13:48Z</modified>
    <revision/>
    <title/>
    <unit meter="0.010000"/>
    <up_axis>Y_UP</up_axis>
  </asset>
  <library_animations>
    <animation id="mixamorig_Hips-anim" name="mixamorig_Hips">
      <source id="mixamorig_Hips-Matrix-animation-input">
        <float_array id="mixamorig_Hips-Matrix-animation-input-array" count="116">

0.000000 0.033333 0.066667 0.100000 0.133333 0.166667 0.200000 0.233333 0.266667 0.300000 0.333333 0.366667 0.400000 0.433333 0.466667 0.500000
0.533333 0.566667 0.600000 0.633333 0.666667 0.700000 0.733333 0.766667 0.800000 0.833333 0.866667 0.900000 0.933333 0.966667 1.000000 1.033333
1.066667 1.100000 1.133333 1.166667 1.200000 1.233333 1.266667 1.300000 1.333333 1.366667 1.400000 1.433333 1.466667 1.500000 1.533333 1.566667
1.600000 1.633333 1.666667 1.700000 1.733333 1.766667 1.800000 1.833333 1.866667 1.900000 1.933333 1.966667 2.000000 2.033333 2.066667 2.100000
2.133333 2.166667 2.200000 2.233333 2.266667 2.300000 2.333333 2.366667 2.400000 2.433333 2.466667 2.500000 2.533333 2.566667 2.600000 2.633333
2.666667 2.700000 2.733333 2.766667 2.800000 2.833333 2.866667 2.900000 2.933333 2.966667 3.000000 3.033333 3.066667 3.100000 3.133333 3.166667
3.200000 3.233333 3.266667 3.300000 3.333333 3.366667 3.400000 3.433333 3.466667 3.500000 3.533333 3.566667 3.600000 3.633333 3.666667 3.700000
3.733333 3.766667 3.800000 3.833333</float_array>
        <technique_common>
          <accessor source="#mixamorig_Hips-Matrix-animation-input-array" count="116">
            <param name="TIME" type="float"/>
          </accessor>
        </technique_common>
      </source>
      <source id="mixamorig_Hips-Matrix-animation-output-transform">
        <float_array id="mixamorig_Hips-Matrix-animation-output-transform-array" count="1856">

0.957811 -0.034989 -0.285262 10.160736 -0.052849 0.954193 -0.294486 89.190361 0.282499 0.297137 0.912088 -5.148301 0.000000 0.000000 0.000000 1.000000
0.955698 -0.034251 -0.292350 10.340874 -0.053630 0.956321 -0.287356 89.326820 0.289422 0.290304 0.912118 -5.268476 0.000000 0.000000 0.000000 1.000000
0.953978 -0.033770 -0.297970 10.574230 -0.053403 0.958625 -0.279618 89.606461 0.295085 0.282662 0.912703 -5.427249 0.000000 0.000000 0.000000 1.000000
0.952676 -0.033648 -0.302120 10.882699 -0.052031 0.961140 -0.271113 90.020752 0.299502 0.274002 0.913904 -5.637176 0.000000 0.000000 0.000000 1.000000
0.952290 -0.032518 -0.303458 11.385006 -0.050797 0.963550 -0.262663 90.447266 0.300938 0.265546 0.915927 -5.913064 0.000000 0.000000 0.000000 1.000000
0.951693 -0.030776 -0.305505 12.183819 -0.050452 0.965767 -0.254456 90.937424 0.302877 0.257578 0.917561 -6.288486 0.000000 0.000000 0.000000 1.000000
0.946973 -0.031199 -0.319794 13.386411 -0.052448 0.966917 -0.249642 91.536423 0.317003 0.253177 0.914008 -6.897130 0.000000 0.000000 0.000000 1.000000
0.932557 -0.037043 -0.359118 15.119685 -0.059789 0.965140 -0.254813 92.282578 0.356039 0.259099 0.897833 -7.825299 0.000000 0.000000 0.000000 1.000000
0.903498 -0.048777 -0.425808 17.330740 -0.076060 0.959486 -0.271297 93.168800 0.421790 0.277503 0.863183 -9.012014 0.000000 0.000000 0.000000 1.000000
0.864096 -0.064709 -0.499150 19.671886 -0.097831 0.951195 -0.292672 93.881271 0.493727 0.301729 0.815594 -10.449029 0.000000 0.000000 0.000000 1.000000
0.830099 -0.079870 -0.551867 21.810122 -0.113687 0.944660 -0.307722 94.198586 0.545904 0.318180 0.775081 -12.156897 0.000000 0.000000 0.000000 1.000000
0.812909 -0.087963 -0.575710 23.501631 -0.115209 0.944705 -0.307018 94.190666 0.570882 0.315905 0.757825 -13.904388 0.000000 0.000000 0.000000 1.000000
0.805049 -0.085958 -0.586947 24.684282 -0.107374 0.951987 -0.286691 94.102737 0.583409 0.293823 0.757167 -15.450523 0.000000 0.000000 0.000000 1.000000
0.804192 -0.078441 -0.589171 24.716988 -0.091402 0.963142 -0.252989 93.657906 0.587300 0.257303 0.767381 -16.398233 0.000000 0.000000 0.000000 1.000000
0.800049 -0.079397 -0.594658 23.802202 -0.068951 0.972467 -0.222608 92.731438 0.595960 0.219099 0.772546 -16.923470 0.000000 0.000000 0.000000 1.000000
0.774868 -0.089913 -0.625696 23.008278 -0.047376 0.978788 -0.199323 91.833588 0.630346 0.184092 0.754171 -17.505060 0.000000 0.000000 0.000000 1.000000
0.725488 -0.103667 -0.680383 22.649008 -0.026052 0.983746 -0.177668 90.989708 0.687742 0.146621 0.710995 -18.307503 0.000000 0.000000 0.000000 1.000000
0.646500 -0.123591 -0.752837 22.802998 0.003063 0.987204 -0.159435 89.678406 0.762908 0.100768 0.638606 -19.709595 0.000000 0.000000 0.000000 1.000000
0.542219 -0.147598 -0.827172 23.333120 0.035516 0.987597 -0.152942 87.834137 0.839486 0.053550 0.540736 -21.543892 0.000000 0.000000 0.000000 1.000000
0.454317 -0.172466 -0.873986 24.076519 0.059985 0.984777 -0.163147 85.844070 0.888818 0.021695 0.457746 -23.278194 0.000000 0.000000 0.000000 1.000000
0.414998 -0.209528 -0.885367 24.861643 0.079814 0.977753 -0.193981 83.958260 0.906315 0.009837 0.422489 -24.787249 0.000000 0.000000 0.000000 1.000000
0.410579 -0.261828 -0.873425 25.510626 0.098374 0.965015 -0.243041 82.297844 0.906503 0.013866 0.421972 -26.109921 0.000000 0.000000 0.000000 1.000000
0.414613 -0.300291 -0.859024 26.114176 0.111023 0.953625 -0.279775 81.108452 0.903200 0.020627 0.428724 -26.963047 0.000000 0.000000 0.000000 1.000000
0.422814 -0.309244 -0.851819 26.791649 0.120992 0.950822 -0.285130 80.441612 0.898103 0.017494 0.439437 -27.200842 0.000000 0.000000 0.000000 1.000000
0.442856 -0.312976 -0.840193 27.299225 0.126637 0.949536 -0.286958 80.274536 0.887604 0.020682 0.460142 -26.798304 0.000000 0.000000 0.000000 1.000000
0.472929 -0.318271 -0.821609 27.393568 0.118864 0.947002 -0.298426 80.534203 0.873046 0.043475 0.485696 -25.674404 0.000000 0.000000 0.000000 1.000000
0.513568 -0.308677 -0.800604 27.003613 0.096465 0.947907 -0.303590 81.121216 0.852609 0.078684 0.516591 -23.683037 0.000000 0.000000 0.000000 1.000000
0.570221 -0.275850 -0.773793 26.012718 0.063940 0.953982 -0.292967 81.746780 0.818999 0.117580 0.561619 -20.824224 0.000000 0.000000 0.000000 1.000000
0.641727 -0.224718 -0.733273 24.435339 0.030450 0.962822 -0.268416 82.172638 0.766329 0.149922 0.624711 -17.333088 0.000000 0.000000 0.000000 1.000000
0.717100 -0.170132 -0.675887 22.556158 0.003566 0.970633 -0.240540 82.740707 0.696962 0.170081 0.696647 -13.491663 0.000000 0.000000 0.000000 1.000000
0.786430 -0.118150 -0.606274 20.439217 -0.015865 0.977348 -0.211044 83.374664 0.617475 0.175590 0.766742 -10.041733 0.000000 0.000000 0.000000 1.000000
0.848032 -0.058805 -0.526673 18.093996 -0.037559 0.984656 -0.170417 83.994041 0.528613 0.164300 0.832811 -7.153496 0.000000 0.000000 0.000000 1.000000
0.905384 0.020056 -0.424119 16.247715 -0.085226 0.987139 -0.135254 85.551201 0.415952 0.158603 0.895449 -3.621067 0.000000 0.000000 0.000000 1.000000
0.953387 0.092529 -0.287214 15.026601 -0.136386 0.981189 -0.136624 87.031937 0.269170 0.169428 0.948073 -0.452909 0.000000 0.000000 0.000000 1.000000
0.984866 0.134517 -0.109287 13.686273 -0.152234 0.972819 -0.174493 86.768410 0.082844 0.188490 0.978575 1.368057 0.000000 0.000000 0.000000 1.000000
0.974220 0.205054 0.094061 12.662517 -0.180035 0.957914 -0.223581 87.287315 -0.135949 0.200883 0.970136 3.743265 0.000000 0.000000 0.000000 1.000000
0.919647 0.278253 0.277171 12.006543 -0.207213 0.943272 -0.259424 87.302406 -0.333633 0.181145 0.925135 5.757864 0.000000 0.000000 0.000000 1.000000
0.849063 0.329599 0.412864 11.517727 -0.233105 0.935053 -0.267092 87.228577 -0.474083 0.130537 0.870750 7.558856 0.000000 0.000000 0.000000 1.000000
0.797798 0.338781 0.498744 10.645457 -0.230935 0.935826 -0.266269 87.220428 -0.556945 0.097252 0.824836 9.898913 0.000000 0.000000 0.000000 1.000000
0.764616 0.317607 0.560793 9.288214 -0.191967 0.942879 -0.272264 86.165894 -0.615233 0.100523 0.781910 13.713038 0.000000 0.000000 0.000000 1.000000
0.731000 0.296460 0.614614 8.119685 -0.151231 0.948681 -0.277729 84.463715 -0.665409 0.110071 0.738320 18.025312 0.000000 0.000000 0.000000 1.000000
0.682610 0.275100 0.677025 6.653302 -0.103889 0.953560 -0.282720 82.579224 -0.723361 0.122652 0.679490 21.990953 0.000000 0.000000 0.000000 1.000000
0.605906 0.267720 0.749135 4.693633 -0.047091 0.952092 -0.302163 79.992561 -0.794141 0.147805 0.589486 25.674009 0.000000 0.000000 0.000000 1.000000
0.522331 0.299355 0.798472 3.178862 -0.011212 0.938687 -0.344589 76.884743 -0.852669 0.171037 0.493662 29.115562 0.000000 0.000000 0.000000 1.000000
0.468564 0.332775 0.818357 2.248335 0.011325 0.924002 -0.382219 75.006447 -0.883357 0.188362 0.429185 31.696459 0.000000 0.000000 0.000000 1.000000
0.441374 0.352499 0.825187 1.406244 0.027145 0.913943 -0.404933 74.377640 -0.896913 0.201127 0.393822 33.094166 0.000000 0.000000 0.000000 1.000000
0.422916 0.369062 0.827608 0.926549 0.033404 0.906334 -0.421239 73.999039 -0.905553 0.205794 0.370975 33.820415 0.000000 0.000000 0.000000 1.000000
0.414163 0.372654 0.830421 0.706598 0.038361 0.904390 -0.424980 73.809097 -0.909394 0.207867 0.360269 34.232700 0.000000 0.000000 0.000000 1.000000
0.415097 0.362559 0.834413 0.630596 0.037596 0.909543 -0.413907 73.943466 -0.909000 0.203182 0.363917 34.200138 0.000000 0.000000 0.000000 1.000000
0.425530 0.344691 0.836727 0.826413 0.026166 0.919544 -0.392114 74.428764 -0.904566 0.188750 0.382275 33.461426 0.000000 0.000000 0.000000 1.000000
0.460147 0.322613 0.827155 1.313186 0.013158 0.929066 -0.369681 75.526657 -0.887745 0.180991 0.423261 31.992979 0.000000 0.000000 0.000000 1.000000
0.526147 0.306386 0.793282 2.136791 0.002574 0.932263 -0.361772 77.414566 -0.850390 0.192387 0.489719 29.550407 0.000000 0.000000 0.000000 1.000000
0.612961 0.310153 0.726694 3.430189 -0.008334 0.922221 -0.386574 79.974953 -0.790069 0.230898 0.567870 26.040546 0.000000 0.000000 0.000000 1.000000
0.717579 0.317054 0.620126 5.026912 -0.024827 0.901454 -0.432161 82.766434 -0.696034 0.294714 0.654736 22.694025 0.000000 0.000000 0.000000 1.000000
0.825727 0.293587 0.481645 6.455762 -0.050575 0.888969 -0.455166 84.917015 -0.561799 0.351484 0.748894 20.225861 0.000000 0.000000 0.000000 1.000000
0.905631 0.245810 0.345558 7.681969 -0.072766 0.892857 -0.444423 86.153870 -0.417777 0.377339 0.826485 18.201843 0.000000 0.000000 0.000000 1.000000
0.950837 0.206852 0.230482 9.123982 -0.092503 0.899949 -0.426068 87.552223 -0.295555 0.383801 0.874839 16.174484 0.000000 0.000000 0.000000 1.000000
0.975218 0.180571 0.127845 10.589803 -0.113380 0.904075 -0.412059 89.147827 -0.189987 0.387353 0.902143 14.658993 0.000000 0.000000 0.000000 1.000000
0.987388 0.153768 0.037693 11.304670 -0.126129 0.907898 -0.399765 90.205513 -0.095692 0.389969 0.915842 13.790014 0.000000 0.000000 0.000000 1.000000
0.990821 0.130554 -0.035061 11.381023 -0.133871 0.911637 -0.388582 90.727837 -0.018768 0.389709 0.920747 12.972608 0.000000 0.000000 0.000000 1.000000
0.990075 0.107291 -0.090775 11.044391 -0.134147 0.914052 -0.382771 90.770401 0.041905 0.391150 0.919373 11.985440 0.000000 0.000000 0.000000 1.000000
0.986445 0.079830 -0.143363 10.559357 -0.129837 0.913973 -0.384443 90.643494 0.100340 0.397845 0.911949 10.877810 0.000000 0.000000 0.000000 1.000000
0.978066 0.054509 -0.201036 10.125329 -0.130135 0.913513 -0.385433 90.551773 0.162640 0.403141 0.900570 9.656725 0.000000 0.000000 0.000000 1.000000
0.967672 0.027117 -0.250748 9.557310 -0.124484 0.916014 -0.381342 90.177330 0.219348 0.400228 0.889777 8.244678 0.000000 0.000000 0.000000 1.000000
0.958721 -0.006434 -0.284275 8.875599 -0.105605 0.920180 -0.376982 89.488541 0.264010 0.391442 0.881517 6.731915 0.000000 0.000000 0.000000 1.000000
0.950698 -0.036918 -0.307912 8.388756 -0.086202 0.922300 -0.376738 88.739052 0.297896 0.384707 0.873647 5.209772 0.000000 0.000000 0.000000 1.000000
0.944927 -0.056428 -0.322379 7.829247 -0.073895 0.922804 -0.378118 87.680801 0.318829 0.381116 0.867813 3.591341 0.000000 0.000000 0.000000 1.000000
0.943290 -0.065083 -0.325527 7.066070 -0.065429 0.924910 -0.374513 86.477119 0.325458 0.374574 0.868200 2.007366 0.000000 0.000000 0.000000 1.000000
0.945395 -0.072092 -0.317854 6.447076 -0.053100 0.928133 -0.368443 85.342651 0.321573 0.365202 0.873624 0.435693 0.000000 0.000000 0.000000 1.000000
0.948620 -0.081282 -0.305800 6.254483 -0.041604 0.926012 -0.375194 84.411850 0.313671 0.368638 0.875052 -1.096181 0.000000 0.000000 0.000000 1.000000
0.947872 -0.094252 -0.304392 6.304202 -0.035677 0.917858 -0.395302 83.668213 0.316646 0.385556 0.866650 -2.397095 0.000000 0.000000 0.000000 1.000000
0.943832 -0.108173 -0.312217 6.567480 -0.032468 0.909961 -0.413422 83.030884 0.328826 0.400338 0.855338 -3.478755 0.000000 0.000000 0.000000 1.000000
0.941724 -0.117068 -0.315358 7.188482 -0.029322 0.905352 -0.423649 82.535019 0.335105 0.408207 0.849159 -4.393774 0.000000 0.000000 0.000000 1.000000
0.939838 -0.121069 -0.319447 8.065057 -0.030895 0.901142 -0.432422 82.134636 0.340220 0.416276 0.843187 -5.079740 0.000000 0.000000 0.000000 1.000000
0.935250 -0.124073 -0.331532 9.089296 -0.036540 0.897722 -0.439045 81.857285 0.352097 0.422731 0.835061 -5.509715 0.000000 0.000000 0.000000 1.000000
0.929655 -0.128758 -0.345201 10.243548 -0.037645 0.898847 -0.436644 81.797386 0.366504 0.418923 0.830770 -5.748838 0.000000 0.000000 0.000000 1.000000
0.923644 -0.135042 -0.358672 11.530364 -0.035085 0.902142 -0.430011 81.902802 0.381643 0.409761 0.828520 -5.840573 0.000000 0.000000 0.000000 1.000000
0.916539 -0.139723 -0.374746 12.929924 -0.035834 0.904533 -0.424895 82.111488 0.398337 0.402862 0.824033 -5.759206 0.000000 0.000000 0.000000 1.000000
0.909343 -0.140800 -0.391498 14.375642 -0.038997 0.908006 -0.417138 82.386497 0.414215 0.394589 0.820198 -5.526251 0.000000 0.000000 0.000000 1.000000
0.902594 -0.138630 -0.407561 15.822110 -0.043993 0.912071 -0.407666 82.673264 0.428239 0.385887 0.817131 -5.198838 0.000000 0.000000 0.000000 1.000000
0.896924 -0.134449 -0.421249 17.261078 -0.050972 0.914867 -0.400525 83.018044 0.439237 0.380712 0.813713 -4.799655 0.000000 0.000000 0.000000 1.000000
0.892282 -0.128295 -0.432867 18.657913 -0.058549 0.917797 -0.392709 83.535393 0.447666 0.375752 0.811422 -4.311042 0.000000 0.000000 0.000000 1.000000
0.887616 -0.119968 -0.444687 19.978909 -0.064194 0.923836 -0.377368 84.241356 0.456090 0.363504 0.812310 -3.772327 0.000000 0.000000 0.000000 1.000000
0.884446 -0.110470 -0.453379 21.232706 -0.067283 0.931234 -0.358157 84.972748 0.461767 0.347275 0.816193 -3.255331 0.000000 0.000000 0.000000 1.000000
0.883661 -0.099918 -0.457340 22.323904 -0.075225 0.933951 -0.349395 85.539070 0.462044 0.343150 0.817779 -2.772416 0.000000 0.000000 0.000000 1.000000
0.884120 -0.087951 -0.458908 23.162655 -0.087348 0.933704 -0.347229 86.011650 0.459023 0.347077 0.817823 -2.359905 0.000000 0.000000 0.000000 1.000000
0.885484 -0.075406 -0.458510 23.776937 -0.097363 0.934733 -0.341753 86.538025 0.454354 0.347259 0.820350 -2.067063 0.000000 0.000000 0.000000 1.000000
0.888077 -0.062270 -0.455458 24.196304 -0.107742 0.934990 -0.337914 87.036766 0.446891 0.349166 0.823634 -1.848634 0.000000 0.000000 0.000000 1.000000
0.891754 -0.050775 -0.449663 24.437767 -0.116540 0.934399 -0.336627 87.438675 0.437257 0.352592 0.827336 -1.690954 0.000000 0.000000 0.000000 1.000000
0.896340 -0.043692 -0.441210 24.500090 -0.118018 0.935718 -0.332421 87.708900 0.427372 0.350033 0.833565 -1.596886 0.000000 0.000000 0.000000 1.000000
0.900456 -0.038110 -0.433275 24.358959 -0.117172 0.938072 -0.326025 87.905434 0.418868 0.344339 0.840226 -1.531963 0.000000 0.000000 0.000000 1.000000
0.903687 -0.029897 -0.427150 24.097361 -0.120907 0.939149 -0.321527 88.147247 0.410770 0.342205 0.845082 -1.468420 0.000000 0.000000 0.000000 1.000000
0.908924 -0.022263 -0.416368 23.769539 -0.123386 0.939491 -0.319583 88.348343 0.398288 0.341850 0.851178 -1.423926 0.000000 0.000000 0.000000 1.000000
0.916472 -0.017914 -0.399698 23.336830 -0.121035 0.939777 -0.319641 88.444679 0.381353 0.341319 0.859111 -1.403735 0.000000 0.000000 0.000000 1.000000
0.922234 -0.013423 -0.386400 22.709669 -0.119754 0.940333 -0.318485 88.495285 0.367619 0.339991 0.865599 -1.440139 0.000000 0.000000 0.000000 1.000000
0.926388 -0.008156 -0.376483 21.971386 -0.120257 0.941008 -0.316294 88.555931 0.356853 0.338286 0.870758 -1.533969 0.000000 0.000000 0.000000 1.000000
0.930376 -0.003828 -0.366586 21.195898 -0.119679 0.941991 -0.313577 88.614136 0.346521 0.335617 0.875947 -1.644506 0.000000 0.000000 0.000000 1.000000
0.933549 -0.000525 -0.358449 20.340807 -0.118155 0.943659 -0.309107 88.712662 0.338416 0.330919 0.880890 -1.770660 0.000000 0.000000 0.000000 1.000000
0.936505 0.001405 -0.350652 19.450331 -0.115957 0.944974 -0.305906 88.851486 0.330928 0.327143 0.885135 -1.942758 0.000000 0.000000 0.000000 1.000000
0.939622 0.001950 -0.342208 18.594530 -0.113114 0.945548 -0.305196 88.919685 0.322979 0.325477 0.888678 -2.129507 0.000000 0.000000 0.000000 1.000000
0.942365 0.002120 -0.334579 17.761345 -0.110005 0.946351 -0.303839 88.954742 0.315985 0.323133 0.892042 -2.318317 0.000000 0.000000 0.000000 1.000000
0.944985 0.001929 -0.327107 16.934856 -0.106250 0.947573 -0.301358 89.010681 0.309377 0.319534 0.895647 -2.532969 0.000000 0.000000 0.000000 1.000000
0.947549 -0.000284 -0.319612 16.097593 -0.100903 0.948592 -0.299988 89.043167 0.303266 0.316503 0.898808 -2.770417 0.000000 0.000000 0.000000 1.000000
0.949533 -0.003720 -0.313646 15.272804 -0.095045 0.949508 -0.299000 89.078583 0.298922 0.313721 0.901235 -3.018615 0.000000 0.000000 0.000000 1.000000
0.950770 -0.006660 -0.309825 14.486788 -0.090307 0.950423 -0.297559 89.159729 0.296446 0.310889 0.903032 -3.268070 0.000000 0.000000 0.000000 1.000000
0.951596 -0.009088 -0.307216 13.732981 -0.086707 0.951024 -0.296708 89.259720 0.294867 0.308984 0.904203 -3.512588 0.000000 0.000000 0.000000 1.000000
0.952353 -0.011404 -0.304784 13.038443 -0.083810 0.951047 -0.297465 89.342194 0.293256 0.308836 0.904777 -3.755963 0.000000 0.000000 0.000000 1.000000
0.953181 -0.013643 -0.302094 12.417887 -0.081215 0.950731 -0.299191 89.405197 0.291292 0.309717 0.905110 -3.995228 0.000000 0.000000 0.000000 1.000000
0.953921 -0.016125 -0.299624 11.841148 -0.078313 0.950566 -0.300485 89.419136 0.289658 0.310103 0.905502 -4.221843 0.000000 0.000000 0.000000 1.000000
0.953955 -0.018409 -0.299383 11.336002 -0.076023 0.950685 -0.300697 89.421661 0.290155 0.309612 0.905511 -4.426787 0.000000 0.000000 0.000000 1.000000
0.953722 -0.021166 -0.299942 10.900023 -0.073084 0.951288 -0.299516 89.422150 0.291671 0.307576 0.905718 -4.615639 0.000000 0.000000 0.000000 1.000000
0.953632 -0.024935 -0.299939 10.498771 -0.068828 0.952086 -0.297984 89.359108 0.292998 0.304812 0.906224 -4.790231 0.000000 0.000000 0.000000 1.000000
0.953105 -0.028104 -0.301331 10.195719 -0.065759 0.952659 -0.296846 89.279526 0.295408 0.302740 0.906136 -4.931572 0.000000 0.000000 0.000000 1.000000
0.953893 -0.030164 -0.298629 10.074687 -0.062525 0.953141 -0.295995 89.221344 0.293564 0.301019 0.907308 -5.015773 0.000000 0.000000 0.000000 1.000000
0.956746 -0.032331 -0.289122 10.073215 -0.056869 0.953849 -0.294852 89.182838 0.285312 0.298540 0.910753 -5.088669 0.000000 0.000000 0.000000 1.000000
0.957811 -0.034989 -0.285262 10.160736 -0.052849 0.954193 -0.294486 89.190361 0.282499 0.297137 0.912088 -5.148301 0.000000 0.000000 0.000000 1.000000</float_array>
        <technique_common>
          <accessor source="#mixamorig_Hips-Matrix-animation-output-transform-array" count="116" stride="16">
            <param type="float4x4"/>
          </accessor>
        </technique_common>
      </source>
      <source id="mixamorig_Hips-Interpolations">
        <Name_array id="mixamorig_Hips-Interpolations-array" count="116">
 LINEAR LINEAR LINEAR LINEAR LINEAR LINEAR LINEAR LINEAR LINEAR LINEAR LINEAR
LINEAR LINEAR LINEAR LINEAR LINEAR LINEAR LINEAR LINEAR LINEAR LINEAR LINEAR LINEAR
LINEAR LINEAR LINEAR LINEAR LINEAR LINEAR LINEAR LINEAR LINEAR LINEAR LINEAR LINEAR
LINEAR LINEAR LINEAR LINEAR LINEAR LINEAR LINEAR LINEAR LINEAR LINEAR LINEAR LINEAR
LINEAR LINEAR LINEAR LINEAR LINEAR LINEAR LINEAR LINEAR LINEAR LINEAR LINEAR LINEAR
LINEAR LINEAR LINEAR LINEAR LINEAR LINEAR LINEAR LINEAR LINEAR LINEAR LINEAR LINEAR
LINEAR LINEAR LINEAR LINEAR LINEAR LINEAR LINEAR LINEAR LINEAR LINEAR LINEAR LINEAR
LINEAR LINEAR LINEAR LINEAR LINEAR LINEAR LINEAR LINEAR LINEAR LINEAR LINEAR LINEAR
LINEAR LINEAR LINEAR LINEAR LINEAR LINEAR LINEAR LINEAR LINEAR LINEAR LINEAR LINEAR
LINEAR LINEAR LINEAR LINEAR LINEAR LINEAR LINEAR LINEAR LINEAR</Name_array>
        <technique_common>
          <accessor source="#mixamorig_Hips-Interpolations-array" count="116">
            <param type="name"/>
          </accessor>
        </technique_common>
      </source>
      <sampler id="mixamorig_Hips-Matrix-animation-transform">
        <input semantic="INPUT" source="#mixamorig_Hips-Matrix-animation-input"/>
        <input semantic="OUTPUT" source="#mixamorig_Hips-Matrix-animation-output-transform"/>
        <input semantic="INTERPOLATION" source="#mixamorig_Hips-Interpolations"/>
      </sampler>
      <channel source="#mixamorig_Hips-Matrix-animation-transform" target="mixamorig_Hips/matrix"/>
    </animation>
    <animation id="mixamorig_Spine-anim" name="mixamorig_Spine">
      <source id="mixamorig_Spine-Matrix-animation-input">
        <float_array id="mixamorig_Spine-Matrix-animation-input-array" count="116">

0.000000 0.033333 0.066667 0.100000 0.133333 0.166667 0.200000 0.233333 0.266667 0.300000 0.333333 0.366667 0.400000 0.433333 0.466667 0.500000
0.533333 0.566667 0.600000 0.633333 0.666667 0.700000 0.733333 0.766667 0.800000 0.833333 0.866667 0.900000 0.933333 0.966667 1.000000 1.033333
1.066667 1.100000 1.133333 1.166667 1.200000 1.233333 1.266667 1.300000 1.333333 1.366667 1.400000 1.433333 1.466667 1.500000 1.533333 1.566667
1.600000 1.633333 1.666667 1.700000 1.733333 1.766667 1.800000 1.833333 1.866667 1.900000 1.933333 1.966667 2.000000 2.033333 2.066667 2.100000
2.133333 2.166667 2.200000 2.233333 2.266667 2.300000 2.333333 2.366667 2.400000 2.433333 2.466667 2.500000 2.533333 2.566667 2.600000 2.633333
2.666667 2.700000 2.733333 2.766667 2.800000 2.833333 2.866667 2.900000 2.933333 2.966667 3.000000 3.033333 3.066667 3.100000 3.133333 3.166667
3.200000 3.233333 3.266667 3.300000 3.333333 3.366667 3.400000 3.433333 3.466667 3.500000 3.533333 3.566667 3.600000 3.633333 3.666667 3.700000
3.733333 3.766667 3.800000 3.833333</float_array>
        <technique_common>
          <accessor source="#mixamorig_Spine-Matrix-animation-input-array" count="116">
            <param name="TIME" type="float"/>
          </accessor>
        </technique_common>
      </source>
      <source id="mixamorig_Spine-Matrix-animation-output-transform">
        <float_array id="mixamorig_Spine-Matrix-animation-output-transform-array" count="1856">

0.997495 0.008709 -0.070200 -0.000000 -0.022449 0.980066 -0.197400 11.384800 0.067081 0.198482 0.977806 -0.357600 0.000000 0.000000 0.000000 1.000000
0.997888 0.010930 -0.064029 -0.000000 -0.023265 0.980486 -0.195209 11.384800 0.060646 0.196286 0.978669 -0.357600 0.000000 0.000000 0.000000 1.000000
0.998225 0.014057 -0.057867 0.000000 -0.025050 0.980703 -0.193894 11.384800 0.054025 0.195000 0.979314 -0.357600 0.000000 0.000000 0.000000 1.000000
0.998483 0.017631 -0.052163 -0.000000 -0.027453 0.980605 -0.194064 11.384800 0.047730 0.195201 0.979601 -0.357600 0.000000 0.000000 0.000000 1.000000
0.998722 0.019534 -0.046606 0.000000 -0.028305 0.980253 -0.195711 11.384800 0.041862 0.196780 0.979554 -0.357600 0.000000 0.000000 0.000000 1.000000
0.998997 0.020898 -0.039591 0.000000 -0.028400 0.979470 -0.199582 11.384800 0.034607 0.200506 0.979081 -0.357600 0.000000 0.000000 0.000000 1.000000
0.999195 0.023440 -0.032568 0.000000 -0.029643 0.978229 -0.205400 11.384800 0.027045 0.206200 0.978136 -0.357600 0.000000 0.000000 0.000000 1.000000
0.999218 0.026105 -0.029686 0.000000 -0.031750 0.977347 -0.209247 11.384800 0.023551 0.210026 0.977412 -0.357600 0.000000 0.000000 0.000000 1.000000
0.999102 0.031553 -0.028269 -0.000000 -0.036705 0.977925 -0.205707 11.384800 0.021154 0.206560 0.978205 -0.357600 0.000000 0.000000 0.000000 1.000000
0.998668 0.044007 -0.026927 -0.000000 -0.048386 0.980040 -0.192823 11.384800 0.017904 0.193869 0.980864 -0.357600 0.000000 0.000000 0.000000 1.000000
0.997872 0.058336 -0.029138 0.000000 -0.062592 0.982197 -0.177119 11.384800 0.018287 0.178566 0.983758 -0.357600 0.000000 0.000000 0.000000 1.000000
0.997002 0.070361 -0.032203 0.000000 -0.074697 0.983770 -0.163150 11.384800 0.020201 0.165066 0.986076 -0.357600 0.000000 0.000000 0.000000 1.000000
0.996993 0.072297 -0.027888 -0.000000 -0.075699 0.985616 -0.151098 11.384800 0.016563 0.152754 0.988125 -0.357600 0.000000 0.000000 0.000000 1.000000
0.997936 0.062114 -0.016324 0.000000 -0.063800 0.987936 -0.141113 11.384800 0.007362 0.141864 0.989859 -0.357600 0.000000 0.000000 0.000000 1.000000
0.998404 0.056394 -0.003131 0.000000 -0.056338 0.990417 -0.126099 11.384800 -0.004010 0.126074 0.992013 -0.357600 0.000000 0.000000 0.000000 1.000000
0.998253 0.057954 0.011532 0.000000 -0.056480 0.993174 -0.102059 11.384800 -0.017368 0.101230 0.994711 -0.357600 0.000000 0.000000 0.000000 1.000000
0.997987 0.058990 0.023279 0.000000 -0.056975 0.995218 -0.079340 11.384800 -0.027848 0.077854 0.996576 -0.357600 0.000000 0.000000 0.000000 1.000000
0.998062 0.060605 0.014149 0.000000 -0.059459 0.995717 -0.070792 11.384800 -0.018379 0.069813 0.997391 -0.357600 0.000000 0.000000 0.000000 1.000000
0.998302 0.056183 -0.015395 0.000000 -0.057197 0.995453 -0.076166 11.384800 0.011046 0.076917 0.996976 -0.357600 0.000000 0.000000 0.000000 1.000000
0.998648 0.038268 -0.035179 -0.000000 -0.041309 0.995065 -0.090220 11.384800 0.031553 0.091551 0.995300 -0.357600 0.000000 0.000000 0.000000 1.000000
0.998733 0.009630 -0.049395 0.000000 -0.014953 0.993978 -0.108554 11.384800 0.048053 0.109155 0.992863 -0.357600 0.000000 0.000000 0.000000 1.000000
0.996761 -0.017129 -0.078573 -0.000000 0.007703 0.992896 -0.118733 11.384800 0.080049 0.117743 0.989812 -0.357600 0.000000 0.000000 0.000000 1.000000
0.993556 -0.032736 -0.108511 0.000000 0.019483 0.992459 -0.121017 11.384800 0.111654 0.118123 0.986702 -0.357600 0.000000 0.000000 0.000000 1.000000
0.992220 -0.036171 -0.119125 0.000000 0.020707 0.991484 -0.128572 11.384800 0.122761 0.125105 0.984519 -0.357600 0.000000 0.000000 0.000000 1.000000
0.992040 -0.035977 -0.120672 0.000000 0.019670 0.990827 -0.133701 11.384800 0.124375 0.130263 0.983648 -0.357600 0.000000 0.000000 0.000000 1.000000
0.991876 -0.032846 -0.122898 0.000000 0.017373 0.992015 -0.124917 11.384800 0.126020 0.121767 0.984526 -0.357600 0.000000 0.000000 0.000000 1.000000
0.992514 -0.024626 -0.119625 -0.000000 0.011769 0.994188 -0.107014 11.384800 0.121565 0.104805 0.987035 -0.357600 0.000000 0.000000 0.000000 1.000000
0.993738 -0.009288 -0.111352 -0.000000 0.000025 0.996558 -0.082901 11.384800 0.111739 0.082379 0.990317 -0.357600 0.000000 0.000000 0.000000 1.000000
0.994193 0.023132 -0.105093 0.000000 -0.028908 0.998135 -0.053771 11.384800 0.103654 0.056497 0.993008 -0.357600 0.000000 0.000000 0.000000 1.000000
0.993217 0.067995 -0.094326 0.000000 -0.070932 0.997084 -0.028140 11.384800 0.092137 0.034640 0.995144 -0.357600 0.000000 0.000000 0.000000 1.000000
0.989954 0.120231 -0.074398 0.000000 -0.121346 0.992553 -0.010640 11.384800 0.072565 0.019561 0.997172 -0.357600 0.000000 0.000000 0.000000 1.000000
0.982371 0.180263 -0.049513 -0.000000 -0.180883 0.983470 -0.008301 11.384800 0.047198 0.017111 0.998739 -0.357600 0.000000 0.000000 0.000000 1.000000
0.976912 0.211045 -0.033210 0.000000 -0.211758 0.977125 -0.019634 11.384800 0.028306 0.026214 0.999256 -0.357600 0.000000 0.000000 0.000000 1.000000
0.973728 0.224646 -0.037251 0.000000 -0.226075 0.973289 -0.039986 11.384800 0.027273 0.047357 0.998506 -0.357600 0.000000 0.000000 0.000000 1.000000
0.967395 0.247892 -0.051920 -0.000000 -0.251246 0.965150 -0.073213 11.384800 0.031962 0.083871 0.995964 -0.357600 0.000000 0.000000 0.000000 1.000000
0.973629 0.218409 -0.065910 -0.000000 -0.224905 0.967366 -0.116708 11.384800 0.038269 0.128454 0.990977 -0.357600 0.000000 0.000000 0.000000 1.000000
0.986236 0.150949 -0.067473 -0.000000 -0.159960 0.974346 -0.158310 11.384800 0.041845 0.166924 0.985081 -0.357600 0.000000 0.000000 0.000000 1.000000
0.994896 0.077374 -0.064765 0.000000 -0.087978 0.979484 -0.181302 11.384800 0.049408 0.186074 0.981293 -0.357600 0.000000 0.000000 0.000000 1.000000
0.996103 0.044871 -0.075927 0.000000 -0.058199 0.981275 -0.183610 11.384800 0.066266 0.187313 0.980062 -0.357600 0.000000 0.000000 0.000000 1.000000
0.996485 0.040152 -0.073523 0.000000 -0.052911 0.982098 -0.180787 11.384800 0.064948 0.184041 0.980770 -0.357600 0.000000 0.000000 0.000000 1.000000
0.999531 0.008230 -0.029496 0.000000 -0.013804 0.980888 -0.194085 11.384800 0.027335 0.194401 0.980541 -0.357600 0.000000 0.000000 0.000000 1.000000
0.998871 -0.034960 0.032159 0.000000 0.041231 0.974284 -0.221520 11.384800 -0.023588 0.222596 0.974625 -0.357600 0.000000 0.000000 0.000000 1.000000
0.995258 -0.063083 0.074037 0.000000 0.078896 0.968750 -0.235156 11.384800 -0.056889 0.239882 0.969134 -0.357600 0.000000 0.000000 0.000000 1.000000
0.991657 -0.078140 0.102518 0.000000 0.099488 0.969668 -0.223261 11.384800 -0.081963 0.231598 0.969353 -0.357600 0.000000 0.000000 0.000000 1.000000
0.987611 -0.077217 0.136609 0.000000 0.105842 0.970503 -0.216615 11.384800 -0.115853 0.228390 0.966652 -0.357600 0.000000 0.000000 0.000000 1.000000
0.983836 -0.068174 0.165587 -0.000000 0.105048 0.968596 -0.225361 11.384800 -0.145023 0.239112 0.960101 -0.357600 0.000000 0.000000 0.000000 1.000000
0.981042 -0.074863 0.178751 0.000000 0.115408 0.966670 -0.228539 11.384800 -0.155684 0.244836 0.956984 -0.357600 0.000000 0.000000 0.000000 1.000000
0.980806 -0.085103 0.175433 0.000000 0.124132 0.966372 -0.225201 11.384800 -0.150368 0.242656 0.958388 -0.357600 0.000000 0.000000 0.000000 1.000000
0.984674 -0.081010 0.154446 0.000000 0.114638 0.968024 -0.223130 11.384800 -0.131432 0.237416 0.962476 -0.357600 0.000000 0.000000 0.000000 1.000000
0.989707 -0.071923 0.123724 0.000000 0.098199 0.970195 -0.221536 11.384800 -0.104103 0.231405 0.967271 -0.357600 0.000000 0.000000 0.000000 1.000000
0.993103 -0.064548 0.097876 0.000000 0.084825 0.971860 -0.219758 11.384800 -0.080937 0.226545 0.970632 -0.357600 0.000000 0.000000 0.000000 1.000000
0.994867 -0.053287 0.086030 -0.000000 0.070564 0.974650 -0.212317 11.384800 -0.072535 0.217297 0.973407 -0.357600 0.000000 0.000000 0.000000 1.000000
0.995539 -0.037545 0.086554 0.000000 0.053588 0.980081 -0.191231 11.384800 -0.077650 0.195017 0.977721 -0.357600 0.000000 0.000000 0.000000 1.000000
0.996778 -0.004379 0.080087 0.000000 0.017583 0.986151 -0.164915 11.384800 -0.078255 0.165791 0.983051 -0.357600 0.000000 0.000000 0.000000 1.000000
0.998789 0.038792 0.030270 0.000000 -0.034004 0.988815 -0.145216 11.384800 -0.035565 0.144011 0.988937 -0.357600 0.000000 0.000000 0.000000 1.000000
0.996781 0.071669 -0.035945 -0.000000 -0.075628 0.989310 -0.124680 11.384800 0.026625 0.126997 0.991546 -0.357600 0.000000 0.000000 0.000000 1.000000
0.995084 0.089652 -0.042077 0.000000 -0.093678 0.989923 -0.106193 11.384800 0.032133 0.109613 0.993455 -0.357600 0.000000 0.000000 0.000000 1.000000
0.995052 0.097845 -0.017277 0.000000 -0.099013 0.990970 -0.090412 11.384800 0.008275 0.091676 0.995755 -0.357600 0.000000 0.000000 0.000000 1.000000
0.994187 0.107379 -0.007824 0.000000 -0.107663 0.991404 -0.074343 11.384800 -0.000226 0.074753 0.997202 -0.357600 0.000000 0.000000 0.000000 1.000000
0.993510 0.113709 -0.002911 -0.000000 -0.113663 0.991478 -0.063658 11.384800 -0.004352 0.063576 0.997968 -0.357600 0.000000 0.000000 0.000000 1.000000
0.992875 0.119135 -0.002430 0.000000 -0.119062 0.991020 -0.060856 11.384800 -0.004842 0.060712 0.998144 -0.357600 0.000000 0.000000 0.000000 1.000000
0.992277 0.123707 -0.009117 0.000000 -0.124036 0.990322 -0.062275 11.384800 0.001325 0.062925 0.998017 -0.357600 0.000000 0.000000 0.000000 1.000000
0.992290 0.123009 -0.015142 0.000000 -0.123754 0.990043 -0.067087 11.384800 0.006739 0.068444 0.997632 -0.357600 0.000000 0.000000 0.000000 1.000000
0.992162 0.122536 -0.024499 -0.000000 -0.124076 0.989310 -0.076625 11.384800 0.014848 0.079064 0.996759 -0.357600 0.000000 0.000000 0.000000 1.000000
0.992421 0.117870 -0.034746 -0.000000 -0.120601 0.988491 -0.091328 11.384800 0.023581 0.094826 0.995214 -0.357600 0.000000 0.000000 0.000000 1.000000
0.994222 0.102508 -0.031866 -0.000000 -0.105363 0.988665 -0.106955 11.384800 0.020542 0.109695 0.993753 -0.357600 0.000000 0.000000 0.000000 1.000000
0.996134 0.084256 -0.024864 0.000000 -0.086641 0.989031 -0.119628 11.384800 0.014512 0.121320 0.992507 -0.357600 0.000000 0.000000 0.000000 1.000000
0.997256 0.068083 -0.029083 -0.000000 -0.071457 0.987912 -0.137563 11.384800 0.019366 0.139264 0.990066 -0.357600 0.000000 0.000000 0.000000 1.000000
0.997674 0.055358 -0.039773 -0.000000 -0.061167 0.984570 -0.163954 11.384800 0.030083 0.166006 0.985666 -0.357600 0.000000 0.000000 0.000000 1.000000
0.998085 0.039147 -0.047901 0.000000 -0.047302 0.981957 -0.183094 11.384800 0.039869 0.185009 0.981928 -0.357600 0.000000 0.000000 0.000000 1.000000
0.998481 0.020762 -0.051039 0.000000 -0.030073 0.981505 -0.189059 11.384800 0.046170 0.190307 0.980638 -0.357600 0.000000 0.000000 0.000000 1.000000
0.998584 0.006238 -0.052837 0.000000 -0.016333 0.981089 -0.192867 11.384800 0.050635 0.193457 0.979801 -0.357600 0.000000 0.000000 0.000000 1.000000
0.998324 -0.006713 -0.057476 -0.000000 -0.004926 0.979784 -0.199996 11.384800 0.057656 0.199944 0.978109 -0.357600 0.000000 0.000000 0.000000 1.000000
0.998050 -0.018038 -0.059759 0.000000 0.005524 0.979105 -0.203283 11.384800 0.062177 0.202556 0.977295 -0.357600 0.000000 0.000000 0.000000 1.000000
0.997920 -0.025055 -0.059389 0.000000 0.012592 0.979387 -0.201600 11.384800 0.063216 0.200433 0.977666 -0.357600 0.000000 0.000000 0.000000 1.000000
0.997211 -0.029814 -0.068418 -0.000000 0.015197 0.978652 -0.204961 11.384800 0.073068 0.203349 0.976376 -0.357600 0.000000 0.000000 0.000000 1.000000
0.995420 -0.036383 -0.088408 0.000000 0.016642 0.976580 -0.214510 11.384800 0.094142 0.212056 0.972712 -0.357600 0.000000 0.000000 0.000000 1.000000
0.993866 -0.040637 -0.102857 0.000000 0.017144 0.975415 -0.219708 11.384800 0.109256 0.216597 0.970128 -0.357600 0.000000 0.000000 0.000000 1.000000
0.993731 -0.035959 -0.105860 0.000000 0.012092 0.975878 -0.217981 11.384800 0.111145 0.215334 0.970195 -0.357600 0.000000 0.000000 0.000000 1.000000
0.994151 -0.026272 -0.104752 0.000000 0.003367 0.977029 -0.213081 11.384800 0.107944 0.211482 0.971403 -0.357600 0.000000 0.000000 0.000000 1.000000
0.994548 -0.017164 -0.102861 -0.000000 -0.004418 0.978542 -0.206001 11.384800 0.104190 0.205332 0.973131 -0.357600 0.000000 0.000000 0.000000 1.000000
0.994964 -0.009432 -0.099783 -0.000000 -0.010823 0.979629 -0.200524 11.384800 0.099642 0.200594 0.974594 -0.357600 0.000000 0.000000 0.000000 1.000000
0.995291 -0.000598 -0.096934 0.000000 -0.019006 0.979366 -0.201198 11.384800 0.095054 0.202093 0.974743 -0.357600 0.000000 0.000000 0.000000 1.000000
0.995356 0.009219 -0.095818 0.000000 -0.028801 0.978325 -0.205065 11.384800 0.091850 0.206872 0.974047 -0.357600 0.000000 0.000000 0.000000 1.000000
0.995456 0.014966 -0.094040 0.000000 -0.033934 0.978490 -0.203485 11.384800 0.088972 0.205752 0.974551 -0.357600 0.000000 0.000000 0.000000 1.000000
0.995793 0.018452 -0.089751 -0.000000 -0.036071 0.979364 -0.198860 11.384800 0.084229 0.201261 0.975910 -0.357600 0.000000 0.000000 0.000000 1.000000
0.996083 0.023758 -0.085173 0.000000 -0.040183 0.979646 -0.196672 11.384800 0.078767 0.199324 0.976763 -0.357600 0.000000 0.000000 0.000000 1.000000
0.996292 0.027794 -0.081425 0.000000 -0.043192 0.980061 -0.193947 11.384800 0.074411 0.196744 0.977627 -0.357600 0.000000 0.000000 0.000000 1.000000
0.996514 0.032961 -0.076642 -0.000000 -0.047078 0.980577 -0.190399 11.384800 0.068878 0.193344 0.978710 -0.357600 0.000000 0.000000 0.000000 1.000000
0.996502 0.043578 -0.071307 0.000000 -0.056393 0.980367 -0.188944 11.384800 0.061673 0.192305 0.979395 -0.357600 0.000000 0.000000 0.000000 1.000000
0.996162 0.055046 -0.068054 0.000000 -0.067013 0.979800 -0.188420 11.384800 0.056307 0.192257 0.979728 -0.357600 0.000000 0.000000 0.000000 1.000000
0.996001 0.061056 -0.065231 0.000000 -0.072284 0.979768 -0.186629 11.384800 0.052517 0.190598 0.980262 -0.357600 0.000000 0.000000 0.000000 1.000000
0.995904 0.063721 -0.064142 0.000000 -0.074561 0.980092 -0.184010 11.384800 0.051139 0.188038 0.980829 -0.357600 0.000000 0.000000 0.000000 1.000000
0.995595 0.064450 -0.068091 0.000000 -0.075906 0.980382 -0.181906 11.384800 0.055032 0.186273 0.980956 -0.357600 0.000000 0.000000 0.000000 1.000000
0.995328 0.064660 -0.071706 0.000000 -0.076756 0.980419 -0.181346 11.384800 0.058576 0.186002 0.980802 -0.357600 0.000000 0.000000 0.000000 1.000000
0.995283 0.064754 -0.072247 0.000000 -0.076940 0.980434 -0.181188 11.384800 0.059101 0.185892 0.980791 -0.357600 0.000000 0.000000 0.000000 1.000000
0.995331 0.064542 -0.071774 -0.000000 -0.076634 0.980488 -0.181027 11.384800 0.058689 0.185682 0.980856 -0.357600 0.000000 0.000000 0.000000 1.000000
0.995324 0.065960 -0.070569 0.000000 -0.077850 0.980252 -0.181783 11.384800 0.057185 0.186427 0.980803 -0.357600 0.000000 0.000000 0.000000 1.000000
0.995268 0.066705 -0.070660 0.000000 -0.078639 0.980066 -0.182445 11.384800 0.057081 0.187138 0.980674 -0.357600 0.000000 0.000000 0.000000 1.000000
0.995347 0.064056 -0.071987 0.000000 -0.076289 0.980223 -0.182601 11.384800 0.058866 0.187243 0.980548 -0.357600 0.000000 0.000000 0.000000 1.000000
0.995576 0.060263 -0.072093 -0.000000 -0.072619 0.980361 -0.183352 11.384800 0.059628 0.187776 0.980400 -0.357600 0.000000 0.000000 0.000000 1.000000
0.995844 0.056439 -0.071480 -0.000000 -0.068820 0.980381 -0.184707 11.384800 0.059653 0.188858 0.980191 -0.357600 0.000000 0.000000 0.000000 1.000000
0.995997 0.053485 -0.071622 0.000000 -0.065976 0.980466 -0.185294 11.384800 0.060313 0.189278 0.980070 -0.357600 0.000000 0.000000 0.000000 1.000000
0.996107 0.051130 -0.071815 0.000000 -0.063714 0.980552 -0.185632 11.384800 0.060927 0.189485 0.979992 -0.357600 0.000000 0.000000 0.000000 1.000000
0.996304 0.047292 -0.071702 -0.000000 -0.059983 0.980581 -0.186717 11.384800 0.061479 0.190328 0.979794 -0.357600 0.000000 0.000000 0.000000 1.000000
0.996528 0.042163 -0.071796 -0.000000 -0.055047 0.980591 -0.188179 11.384800 0.062468 0.191478 0.979507 -0.357600 0.000000 0.000000 0.000000 1.000000
0.996751 0.036992 -0.071552 0.000000 -0.049982 0.980650 -0.189282 11.384800 0.063165 0.192243 0.979312 -0.357600 0.000000 0.000000 0.000000 1.000000
0.996990 0.031493 -0.070851 -0.000000 -0.044498 0.980731 -0.190230 11.384800 0.063495 0.192810 0.979180 -0.357600 0.000000 0.000000 0.000000 1.000000
0.997126 0.026824 -0.070858 0.000000 -0.040001 0.980645 -0.191666 11.384800 0.064345 0.193950 0.978899 -0.357600 0.000000 0.000000 0.000000 1.000000
0.997231 0.024511 -0.070211 0.000000 -0.037727 0.980355 -0.193601 11.384800 0.064087 0.195714 0.978565 -0.357600 0.000000 0.000000 0.000000 1.000000
0.997359 0.022453 -0.069070 0.000000 -0.035612 0.980029 -0.195640 11.384800 0.063298 0.197583 0.978240 -0.357600 0.000000 0.000000 0.000000 1.000000
0.997317 0.019697 -0.070509 0.000000 -0.033311 0.979745 -0.197461 11.384800 0.065192 0.199280 0.977772 -0.357600 0.000000 0.000000 0.000000 1.000000
0.997261 0.016520 -0.072098 0.000000 -0.030608 0.979539 -0.198914 11.384800 0.067337 0.200576 0.977361 -0.357600 0.000000 0.000000 0.000000 1.000000
